[438]
[103] 3 2 5
[164] 3 1 5
[27] 3 0 5
[146] 4 14 4
[312] 4 13 4
[30] 4 12 4
[54] 10 8 10
[312] 10 7 10
[164] 10 6 10
[45] 11 2 9
[146] 11 1 9
[201] 11 0 9
[227] 1 3 2 5
[40] 0 3 2 5
[383] 8 3 2 5
[343] 7 3 2 5
[143] 6 3 2 5
[383] 3 8 2 5
[343] 3 7 2 5
[143] 3 6 2 5
[227] 2 3 1 5
[40] 1 3 1 5
[76] 8 3 1 5
[414] 7 3 1 5
[324] 14 3 1 5
[284] 13 3 1 5
[204] 12 3 1 5
[76] 3 8 1 5
[414] 3 7 1 5
[324] 3 14 1 5
[184] 3 13 1 5
[4] 3 12 1 5
[80] 2 3 0 5
[143] 1 3 0 5
[204] 0 3 0 5
[33] 14 3 0 5
[31] 13 3 0 5
[29] 12 3 0 5
[133] 3 14 0 5
[351] 3 13 0 5
[22] 9 4 11 4
[76] 10 4 10 4
[22] 1 4 14 4
[85] 0 4 14 4
[106] 8 4 14 4
[386] 7 4 14 4
[346] 6 4 14 4
[270] 13 4 14 4
[188] 12 4 14 4
[106] 4 8 14 4
[386] 4 7 14 4
[346] 4 6 14 4
[76] 7 4 13 4
[414] 6 4 13 4
[270] 14 4 13 4
[188] 13 4 13 4
[76] 4 7 13 4
[414] 4 6 13 4
[90] 2 4 12 4
[150] 1 4 12 4
[210] 0 4 12 4
[28] 14 4 12 4
[26] 13 4 12 4
[32] 12 4 12 4
[22] 9 5 11 3
[76] 10 5 10 3
[188] 4 9 4 11
[40] 5 9 3 11
[188] 4 10 4 10
[40] 5 10 3 10
[114] 2 10 8 10
[174] 1 10 8 10
[234] 0 10 8 10
[52] 8 10 8 10
[44] 7 10 8 10
[56] 6 10 8 10
[76] 7 10 7 10
[414] 6 10 7 10
[270] 14 10 7 10
[188] 13 10 7 10
[270] 10 14 7 10
[188] 10 13 7 10
[227] 2 10 6 10
[40] 1 10 6 10
[76] 8 10 6 10
[414] 7 10 6 10
[324] 14 10 6 10
[284] 13 10 6 10
[204] 12 10 6 10
[324] 10 14 6 10
[284] 10 13 6 10
[204] 10 12 6 10
[335] 11 7 2 9
[133] 11 6 2 9
[106] 2 11 2 9
[161] 1 11 2 9
[222] 0 11 2 9
[57] 8 11 2 9
[55] 7 11 2 9
[53] 6 11 2 9
[6] 11 8 1 9
[66] 11 7 1 9
[346] 11 6 1 9
[22] 1 11 1 9
[85] 0 11 1 9
[106] 8 11 1 9
[386] 7 11 1 9
[346] 6 11 1 9
[270] 13 11 1 9
[188] 12 11 1 9
[270] 11 13 1 9
[188] 11 12 1 9
[22] 2 11 0 9
[85] 1 11 0 9
[161] 14 11 0 9
[321] 13 11 0 9
[281] 12 11 0 9
[161] 11 14 0 9
[321] 11 13 0 9
[281] 11 12 0 9
[267] 5 1 4 2 5
[249] 12 1 3 2 5
[384] 2 8 3 2 5
[387] 1 8 3 2 5
[380] 0 8 3 2 5
[344] 2 7 3 2 5
[347] 1 7 3 2 5
[340] 0 7 3 2 5
[243] 14 7 3 2 5
[223] 13 7 3 2 5
[123] 12 7 3 2 5
[303] 14 6 3 2 5
[263] 13 6 3 2 5
[183] 12 6 3 2 5
[384] 3 2 8 2 5
[387] 3 1 8 2 5
[398] 3 0 8 2 5
[384] 2 3 8 2 5
[387] 1 3 8 2 5
[380] 0 3 8 2 5
[344] 3 2 7 2 5
[347] 3 1 7 2 5
[358] 3 0 7 2 5
[344] 2 3 7 2 5
[347] 1 3 7 2 5
[340] 0 3 7 2 5
[243] 14 3 7 2 5
[223] 13 3 7 2 5
[123] 12 3 7 2 5
[203] 3 14 7 2 5
[23] 3 13 7 2 5
[123] 3 12 7 2 5
[467] 3 1 6 2 5
[98] 3 0 6 2 5
[303] 14 3 6 2 5
[263] 13 3 6 2 5
[183] 12 3 6 2 5
[303] 3 14 6 2 5
[223] 3 13 6 2 5
[43] 3 12 6 2 5
[444] 4 12 5 1 5
[267] 5 2 4 1 5
[249] 12 2 3 1 5
[136] 2 8 3 1 5
[196] 1 8 3 1 5
[16] 0 8 3 1 5
[327] 2 14 3 1 5
[320] 1 14 3 1 5
[323] 0 14 3 1 5
[136] 8 14 3 1 5
[94] 7 14 3 1 5
[372] 6 14 3 1 5
[287] 2 13 3 1 5
[280] 1 13 3 1 5
[283] 0 13 3 1 5
[296] 8 13 3 1 5
[294] 7 13 3 1 5
[292] 6 13 3 1 5
[216] 8 12 3 1 5
[214] 7 12 3 1 5
[212] 6 12 3 1 5
[136] 3 2 8 1 5
[456] 3 0 8 1 5
[136] 2 3 8 1 5
[196] 1 3 8 1 5
[16] 0 3 8 1 5
[230] 3 14 6 1 5
[327] 3 2 14 1 5
[338] 3 1 14 1 5
[323] 3 0 14 1 5
[327] 2 3 14 1 5
[320] 1 3 14 1 5
[323] 0 3 14 1 5
[136] 8 3 14 1 5
[94] 7 3 14 1 5
[372] 6 3 14 1 5
[136] 3 8 14 1 5
[94] 3 7 14 1 5
[372] 3 6 14 1 5
[187] 3 2 13 1 5
[198] 3 1 13 1 5
[183] 3 0 13 1 5
[7] 2 3 13 1 5
[60] 1 3 13 1 5
[123] 0 3 13 1 5
[196] 8 3 13 1 5
[194] 7 3 13 1 5
[192] 6 3 13 1 5
[144] 14 3 13 1 5
[304] 13 3 13 1 5
[264] 12 3 13 1 5
[196] 3 8 13 1 5
[194] 3 7 13 1 5
[192] 3 6 13 1 5
[467] 3 2 12 1 5
[98] 3 1 12 1 5
[67] 2 3 12 1 5
[120] 1 3 12 1 5
[183] 0 3 12 1 5
[16] 8 3 12 1 5
[14] 7 3 12 1 5
[12] 6 3 12 1 5
[16] 3 8 12 1 5
[14] 3 7 12 1 5
[12] 3 6 12 1 5
[433] 4 14 5 0 5
[151] 4 13 5 0 5
[319] 4 12 5 0 5
[23] 5 1 4 0 5
[24] 5 0 4 0 5
[360] 8 2 3 0 5
[320] 7 2 3 0 5
[120] 6 2 3 0 5
[303] 14 1 3 0 5
[263] 13 1 3 0 5
[183] 12 1 3 0 5
[216] 8 0 3 0 5
[214] 7 0 3 0 5
[212] 6 0 3 0 5
[93] 2 14 3 0 5
[153] 1 14 3 0 5
[213] 0 14 3 0 5
[25] 8 14 3 0 5
[37] 7 14 3 0 5
[35] 6 14 3 0 5
[91] 2 13 3 0 5
[151] 1 13 3 0 5
[211] 0 13 3 0 5
[89] 2 12 3 0 5
[149] 1 12 3 0 5
[209] 0 12 3 0 5
[453] 3 1 14 0 5
[73] 3 0 14 0 5
[193] 2 3 14 0 5
[13] 1 3 14 0 5
[73] 0 3 14 0 5
[377] 7 3 14 0 5
[249] 13 3 14 0 5
[377] 3 7 14 0 5
[151] 8 3 13 0 5
[111] 7 3 13 0 5
[391] 6 3 13 0 5
[249] 14 3 13 0 5
[151] 3 8 13 0 5
[111] 3 7 13 0 5
[391] 3 6 13 0 5
[437] 3 9 2 11 5
[424] 3 9 1 11 5
[427] 3 9 0 11 5
[100] 3 9 5 11 5
[8] 3 9 4 11 5
[202] 3 9 3 11 5
[420] 3 10 5 10 5
[428] 3 10 4 10 5
[436] 3 10 3 10 5
[118] 3 11 8 9 5
[338] 3 11 7 9 5
[138] 3 11 6 9 5
[140] 4 0 5 2 4
[8] 4 0 4 2 4
[207] 4 0 3 2 4
[425] 4 0 14 2 4
[432] 4 0 13 2 4
[430] 4 0 12 2 4
[420] 4 1 5 1 4
[428] 4 1 4 1 4
[424] 4 1 3 1 4
[432] 5 13 6 1 4
[422] 4 1 14 1 4
[432] 4 1 13 1 4
[430] 4 1 12 1 4
[420] 4 2 5 0 4
[428] 4 2 4 0 4
[423] 4 2 3 0 4
[158] 4 2 8 0 4
[378] 4 2 7 0 4
[338] 4 2 6 0 4
[70] 9 4 12 11 4
[136] 2 10 4 10 4
[196] 1 10 4 10 4
[16] 0 10 4 10 4
[390] 10 4 12 10 4
[249] 5 2 5 14 4
[377] 8 0 4 14 4
[112] 14 8 4 14 4
[110] 13 8 4 14 4
[108] 12 8 4 14 4
[381] 2 7 4 14 4
[382] 1 7 4 14 4
[385] 0 7 4 14 4
[392] 14 7 4 14 4
[390] 13 7 4 14 4
[388] 12 7 4 14 4
[341] 2 6 4 14 4
[342] 1 6 4 14 4
[345] 0 6 4 14 4
[252] 14 6 4 14 4
[230] 13 6 4 14 4
[128] 12 6 4 14 4
[8] 2 12 4 14 4
[68] 1 12 4 14 4
[128] 0 12 4 14 4
[19] 3 2 3 14 4
[462] 3 1 3 14 4
[230] 3 13 3 14 4
[112] 14 4 8 14 4
[110] 13 4 8 14 4
[108] 12 4 8 14 4
[112] 4 14 8 14 4
[110] 4 13 8 14 4
[118] 4 12 8 14 4
[381] 2 4 7 14 4
[382] 1 4 7 14 4
[385] 0 4 7 14 4
[392] 14 4 7 14 4
[390] 13 4 7 14 4
[388] 12 4 7 14 4
[392] 4 14 7 14 4
[390] 4 13 7 14 4
[398] 4 12 7 14 4
[341] 2 4 6 14 4
[342] 1 4 6 14 4
[345] 0 4 6 14 4
[252] 14 4 6 14 4
[230] 13 4 6 14 4
[128] 12 4 6 14 4
[12] 4 14 6 14 4
[470] 4 13 6 14 4
[138] 4 12 6 14 4
[136] 2 7 4 13 4
[196] 1 7 4 13 4
[16] 0 7 4 13 4
[8] 2 13 4 13 4
[68] 1 13 4 13 4
[128] 0 13 4 13 4
[230] 3 14 3 13 4
[444] 4 12 8 13 4
[136] 2 4 7 13 4
[196] 1 4 7 13 4
[16] 0 4 7 13 4
[370] 8 2 4 12 4
[330] 7 2 4 12 4
[130] 6 2 4 12 4
[88] 14 2 4 12 4
[86] 13 2 4 12 4
[92] 12 2 4 12 4
[110] 8 1 4 12 4
[390] 7 1 4 12 4
[350] 6 1 4 12 4
[308] 14 1 4 12 4
[266] 13 1 4 12 4
[192] 12 1 4 12 4
[168] 14 0 4 12 4
[326] 13 0 4 12 4
[292] 12 0 4 12 4
[88] 2 14 4 12 4
[148] 1 14 4 12 4
[208] 0 14 4 12 4
[81] 2 13 4 12 4
[142] 1 13 4 12 4
[205] 0 13 4 12 4
[92] 2 12 4 12 4
[152] 1 12 4 12 4
[212] 0 12 4 12 4
[24] 8 12 4 12 4
[36] 7 12 4 12 4
[34] 6 12 4 12 4
[430] 3 2 3 12 4
[110] 3 1 3 12 4
[170] 3 0 3 12 4
[120] 3 14 3 12 4
[212] 3 12 3 12 4
[70] 9 4 11 12 4
[390] 10 4 10 12 4
[136] 2 10 5 10 3
[196] 1 10 5 10 3
[16] 0 10 5 10 3
[340] 5 12 5 14 3
[8] 5 12 4 14 3
[358] 5 13 2 13 3
[198] 5 13 1 13 3
[118] 5 13 0 13 3
[420] 5 13 5 13 3
[428] 5 13 4 13 3
[432] 5 13 3 13 3
[420] 4 1 8 13 3
[420] 5 14 5 12 3
[428] 5 14 4 12 3
[426] 5 14 3 12 3
[358] 5 14 8 12 3
[98] 5 14 7 12 3
[378] 5 14 6 12 3
[8] 2 4 9 4 11
[68] 1 4 9 4 11
[128] 0 4 9 4 11
[424] 9 6 11 8 11
[436] 9 6 10 8 11
[422] 9 6 9 8 11
[258] 9 6 14 8 11
[238] 9 6 13 8 11
[338] 9 6 12 8 11
[218] 9 7 2 7 11
[78] 9 7 1 7 11
[338] 9 7 0 7 11
[432] 9 7 11 7 11
[436] 9 7 10 7 11
[422] 9 7 9 7 11
[422] 10 1 12 7 11
[16] 9 8 10 6 11
[322] 9 8 9 6 11
[421] 10 0 11 2 10
[436] 10 0 10 2 10
[422] 10 0 9 2 10
[358] 10 0 14 2 10
[258] 10 0 13 2 10
[178] 10 0 12 2 10
[434] 10 1 8 1 10
[432] 10 1 7 1 10
[420] 10 1 6 1 10
[426] 10 1 11 1 10
[436] 10 1 10 1 10
[422] 10 1 9 1 10
[432] 9 7 14 1 10
[434] 10 2 8 0 10
[432] 10 2 7 0 10
[427] 10 2 6 0 10
[105] 10 2 11 0 10
[16] 10 2 10 0 10
[162] 10 2 9 0 10
[294] 4 10 8 4 10
[8] 2 4 10 4 10
[68] 1 4 10 4 10
[128] 0 4 10 4 10
[194] 5 10 8 3 10
[294] 4 10 4 8 10
[194] 5 10 3 8 10
[154] 11 2 11 8 10
[214] 11 1 11 8 10
[434] 11 0 11 8 10
[112] 11 8 11 8 10
[122] 11 6 11 8 10
[392] 8 2 10 8 10
[344] 7 2 10 8 10
[156] 6 2 10 8 10
[72] 8 1 10 8 10
[404] 7 1 10 8 10
[316] 6 1 10 8 10
[334] 14 1 10 8 10
[294] 13 1 10 8 10
[214] 12 1 10 8 10
[232] 8 0 10 8 10
[224] 7 0 10 8 10
[236] 6 0 10 8 10
[134] 14 0 10 8 10
[354] 13 0 10 8 10
[254] 12 0 10 8 10
[112] 2 8 10 8 10
[172] 1 8 10 8 10
[232] 0 8 10 8 10
[50] 14 8 10 8 10
[48] 13 8 10 8 10
[46] 12 8 10 8 10
[107] 2 7 10 8 10
[160] 1 7 10 8 10
[223] 0 7 10 8 10
[116] 2 6 10 8 10
[176] 1 6 10 8 10
[236] 0 6 10 8 10
[94] 11 6 11 7 10
[136] 2 7 10 7 10
[196] 1 7 10 7 10
[16] 0 7 10 7 10
[8] 2 13 10 7 10
[68] 1 13 10 7 10
[128] 0 13 10 7 10
[8] 2 10 13 7 10
[68] 1 10 13 7 10
[128] 0 10 13 7 10
[466] 10 8 12 7 10
[440] 11 1 11 6 10
[19] 11 0 11 6 10
[94] 11 7 11 6 10
[249] 12 2 10 6 10
[136] 2 8 10 6 10
[196] 1 8 10 6 10
[16] 0 8 10 6 10
[327] 2 14 10 6 10
[320] 1 14 10 6 10
[323] 0 14 10 6 10
[136] 8 14 10 6 10
[94] 7 14 10 6 10
[372] 6 14 10 6 10
[287] 2 13 10 6 10
[280] 1 13 10 6 10
[283] 0 13 10 6 10
[296] 8 13 10 6 10
[294] 7 13 10 6 10
[292] 6 13 10 6 10
[216] 8 12 10 6 10
[214] 7 12 10 6 10
[212] 6 12 10 6 10
[377] 9 0 9 6 10
[138] 10 8 14 6 10
[454] 10 7 14 6 10
[12] 10 6 14 6 10
[327] 2 10 14 6 10
[320] 1 10 14 6 10
[323] 0 10 14 6 10
[136] 8 10 14 6 10
[94] 7 10 14 6 10
[372] 6 10 14 6 10
[298] 10 8 13 6 10
[294] 10 7 13 6 10
[292] 10 6 13 6 10
[287] 2 10 13 6 10
[280] 1 10 13 6 10
[283] 0 10 13 6 10
[296] 8 10 13 6 10
[294] 7 10 13 6 10
[292] 6 10 13 6 10
[218] 10 8 12 6 10
[214] 10 7 12 6 10
[212] 10 6 12 6 10
[216] 8 10 12 6 10
[214] 7 10 12 6 10
[212] 6 10 12 6 10
[377] 6 11 7 2 9
[295] 14 11 7 2 9
[215] 13 11 7 2 9
[175] 12 11 7 2 9
[295] 11 14 7 2 9
[215] 11 13 7 2 9
[175] 11 12 7 2 9
[193] 11 2 6 2 9
[473] 11 1 6 2 9
[193] 2 11 6 2 9
[13] 1 11 6 2 9
[73] 0 11 6 2 9
[377] 7 11 6 2 9
[249] 13 11 6 2 9
[249] 11 13 6 2 9
[112] 14 2 11 2 9
[110] 13 2 11 2 9
[108] 12 2 11 2 9
[61] 8 1 11 2 9
[401] 7 1 11 2 9
[301] 6 1 11 2 9
[122] 14 0 11 2 9
[342] 13 0 11 2 9
[242] 12 0 11 2 9
[117] 2 8 11 2 9
[177] 1 8 11 2 9
[237] 0 8 11 2 9
[115] 2 7 11 2 9
[175] 1 7 11 2 9
[235] 0 7 11 2 9
[113] 2 6 11 2 9
[173] 1 6 11 2 9
[233] 0 6 11 2 9
[51] 14 6 11 2 9
[49] 13 6 11 2 9
[47] 12 6 11 2 9
[46] 9 2 10 2 9
[41] 9 1 10 2 9
[319] 10 8 9 2 9
[175] 10 7 9 2 9
[433] 10 6 9 2 9
[238] 11 1 8 1 9
[445] 11 0 8 1 9
[61] 2 11 8 1 9
[122] 1 11 8 1 9
[185] 0 11 8 1 9
[12] 14 11 8 1 9
[10] 13 11 8 1 9
[8] 12 11 8 1 9
[12] 11 14 8 1 9
[10] 11 13 8 1 9
[8] 11 12 8 1 9
[61] 11 2 7 1 9
[78] 11 1 7 1 9
[65] 11 0 7 1 9
[121] 2 11 7 1 9
[182] 1 11 7 1 9
[5] 0 11 7 1 9
[406] 8 11 7 1 9
[306] 7 11 7 1 9
[166] 6 11 7 1 9
[72] 14 11 7 1 9
[70] 13 11 7 1 9
[68] 12 11 7 1 9
[72] 11 14 7 1 9
[70] 11 13 7 1 9
[68] 11 12 7 1 9
[341] 11 2 6 1 9
[358] 11 1 6 1 9
[345] 11 0 6 1 9
[341] 2 11 6 1 9
[342] 1 11 6 1 9
[345] 0 11 6 1 9
[252] 14 11 6 1 9
[230] 13 11 6 1 9
[128] 12 11 6 1 9
[252] 11 14 6 1 9
[230] 11 13 6 1 9
[128] 11 12 6 1 9
[377] 8 0 11 1 9
[112] 14 8 11 1 9
[110] 13 8 11 1 9
[108] 12 8 11 1 9
[381] 2 7 11 1 9
[382] 1 7 11 1 9
[385] 0 7 11 1 9
[392] 14 7 11 1 9
[390] 13 7 11 1 9
[388] 12 7 11 1 9
[341] 2 6 11 1 9
[342] 1 6 11 1 9
[345] 0 6 11 1 9
[252] 14 6 11 1 9
[230] 13 6 11 1 9
[128] 12 6 11 1 9
[8] 2 12 11 1 9
[68] 1 12 11 1 9
[128] 0 12 11 1 9
[405] 9 0 10 1 9
[466] 10 8 9 1 9
[94] 11 6 14 1 9
[468] 11 2 12 1 9
[128] 11 0 12 1 9
[8] 2 11 12 1 9
[68] 1 11 12 1 9
[128] 0 11 12 1 9
[377] 8 1 11 0 9
[61] 8 14 11 0 9
[401] 7 14 11 0 9
[301] 6 14 11 0 9
[322] 2 13 11 0 9
[325] 1 13 11 0 9
[326] 0 13 11 0 9
[121] 8 13 11 0 9
[81] 7 13 11 0 9
[361] 6 13 11 0 9
[282] 2 12 11 0 9
[285] 1 12 11 0 9
[286] 0 12 11 0 9
[405] 9 1 10 0 9
[238] 11 2 14 0 9
[445] 11 1 14 0 9
[21] 11 8 14 0 9
[81] 11 7 14 0 9
[301] 11 6 14 0 9
[61] 8 11 14 0 9
[401] 7 11 14 0 9
[301] 6 11 14 0 9
[338] 11 2 13 0 9
[325] 11 1 13 0 9
[326] 11 0 13 0 9
[121] 11 8 13 0 9
[41] 11 7 13 0 9
[101] 11 6 13 0 9
[322] 2 11 13 0 9
[325] 1 11 13 0 9
[326] 0 11 13 0 9
[121] 8 11 13 0 9
[81] 7 11 13 0 9
[361] 6 11 13 0 9
[298] 11 2 12 0 9
[285] 11 1 12 0 9
[286] 11 0 12 0 9
[282] 2 11 12 0 9
[285] 1 11 12 0 9
[286] 0 11 12 0 9
[138] 11 3 14 5 9
[358] 11 3 13 5 9
[218] 11 3 12 5 9
[428] 11 4 11 4 9
[436] 11 4 10 4 9
[422] 11 4 9 4 9
[425] 11 5 2 3 9
[426] 11 5 1 3 9
[429] 11 5 0 3 9
[100] 11 5 11 3 9
[16] 11 5 10 3 9
[202] 11 5 9 3 9
[3] 4 14 7 5 2 5
[463] 4 13 7 5 2 5
[260] 2 5 1 4 2 5
[309] 12 5 1 4 2 5
[348] 5 0 7 4 2 5
[244] 5 2 6 4 2 5
[356] 8 2 8 3 2 5
[147] 7 1 8 3 2 5
[393] 14 1 8 3 2 5
[389] 12 1 8 3 2 5
[244] 14 2 7 3 2 5
[124] 12 2 7 3 2 5
[147] 8 1 7 3 2 5
[253] 14 1 7 3 2 5
[231] 13 1 7 3 2 5
[129] 12 1 7 3 2 5
[240] 14 0 7 3 2 5
[220] 13 0 7 3 2 5
[244] 2 14 7 3 2 5
[247] 1 14 7 3 2 5
[240] 0 14 7 3 2 5
[83] 8 12 7 3 2 5
[363] 7 12 7 3 2 5
[307] 1 14 6 3 2 5
[300] 0 14 6 3 2 5
[163] 8 14 6 3 2 5
[63] 7 14 6 3 2 5
[403] 6 14 6 3 2 5
[260] 0 13 6 3 2 5
[356] 8 3 2 8 2 5
[356] 3 8 2 8 2 5
[147] 7 3 1 8 2 5
[393] 14 3 1 8 2 5
[389] 12 3 1 8 2 5
[147] 3 7 1 8 2 5
[393] 3 14 1 8 2 5
[356] 8 2 3 8 2 5
[147] 7 1 3 8 2 5
[393] 14 1 3 8 2 5
[389] 12 1 3 8 2 5
[244] 14 3 2 7 2 5
[124] 12 3 2 7 2 5
[124] 3 12 2 7 2 5
[147] 8 3 1 7 2 5
[253] 14 3 1 7 2 5
[231] 13 3 1 7 2 5
[129] 12 3 1 7 2 5
[147] 3 8 1 7 2 5
[38] 3 13 0 7 2 5
[3] 4 14 5 7 2 5
[463] 4 13 5 7 2 5
[348] 5 0 4 7 2 5
[244] 14 2 3 7 2 5
[124] 12 2 3 7 2 5
[147] 8 1 3 7 2 5
[253] 14 1 3 7 2 5
[231] 13 1 3 7 2 5
[129] 12 1 3 7 2 5
[240] 14 0 3 7 2 5
[220] 13 0 3 7 2 5
[244] 2 14 3 7 2 5
[247] 1 14 3 7 2 5
[240] 0 14 3 7 2 5
[83] 8 12 3 7 2 5
[363] 7 12 3 7 2 5
[87] 1 3 14 7 2 5
[163] 14 3 14 7 2 5
[84] 2 3 13 7 2 5
[147] 1 3 13 7 2 5
[200] 0 3 13 7 2 5
[447] 3 1 12 7 2 5
[83] 8 3 12 7 2 5
[363] 7 3 12 7 2 5
[83] 3 8 12 7 2 5
[363] 3 7 12 7 2 5
[460] 2 3 1 6 2 5
[463] 1 3 1 6 2 5
[464] 0 3 1 6 2 5
[471] 13 3 1 6 2 5
[469] 12 3 1 6 2 5
[471] 3 13 1 6 2 5
[461] 3 12 1 6 2 5
[38] 0 3 0 6 2 5
[244] 5 2 4 6 2 5
[307] 1 14 3 6 2 5
[300] 0 14 3 6 2 5
[163] 8 14 3 6 2 5
[63] 7 14 3 6 2 5
[403] 6 14 3 6 2 5
[260] 0 13 3 6 2 5
[307] 3 1 14 6 2 5
[318] 3 0 14 6 2 5
[307] 1 3 14 6 2 5
[300] 0 3 14 6 2 5
[163] 8 3 14 6 2 5
[63] 7 3 14 6 2 5
[403] 6 3 14 6 2 5
[163] 3 8 14 6 2 5
[63] 3 7 14 6 2 5
[403] 3 6 14 6 2 5
[104] 2 3 12 6 2 5
[167] 1 3 12 6 2 5
[220] 0 3 12 6 2 5
[447] 2 4 12 5 1 5
[443] 0 4 12 5 1 5
[452] 6 4 12 5 1 5
[452] 4 6 12 5 1 5
[260] 2 5 2 4 1 5
[309] 12 5 2 4 1 5
[356] 14 2 8 3 1 5
[256] 13 2 8 3 1 5
[276] 12 1 8 3 1 5
[127] 8 2 14 3 1 5
[87] 7 2 14 3 1 5
[367] 6 2 14 3 1 5
[293] 14 2 14 3 1 5
[169] 12 2 14 3 1 5
[200] 13 1 14 3 1 5
[83] 7 0 14 3 1 5
[363] 6 0 14 3 1 5
[163] 12 0 14 3 1 5
[356] 14 8 14 3 1 5
[256] 13 8 14 3 1 5
[368] 13 6 14 3 1 5
[366] 12 6 14 3 1 5
[171] 13 2 13 3 1 5
[329] 12 2 13 3 1 5
[200] 14 1 13 3 1 5
[163] 13 0 13 3 1 5
[336] 12 8 13 3 1 5
[96] 1 8 12 3 1 5
[336] 13 8 12 3 1 5
[328] 13 6 12 3 1 5
[356] 14 3 2 8 1 5
[256] 13 3 2 8 1 5
[356] 3 14 2 8 1 5
[452] 7 3 0 8 1 5
[452] 3 7 0 8 1 5
[356] 14 2 3 8 1 5
[256] 13 2 3 8 1 5
[276] 12 1 3 8 1 5
[127] 8 3 2 14 1 5
[87] 7 3 2 14 1 5
[367] 6 3 2 14 1 5
[293] 14 3 2 14 1 5
[169] 12 3 2 14 1 5
[127] 3 8 2 14 1 5
[87] 3 7 2 14 1 5
[367] 3 6 2 14 1 5
[11] 3 13 2 14 1 5
[18] 3 13 1 14 1 5
[83] 7 3 0 14 1 5
[363] 6 3 0 14 1 5
[163] 12 3 0 14 1 5
[83] 3 7 0 14 1 5
[363] 3 6 0 14 1 5
[3] 3 13 0 14 1 5
[163] 3 12 0 14 1 5
[328] 5 1 4 14 1 5
[127] 8 2 3 14 1 5
[87] 7 2 3 14 1 5
[367] 6 2 3 14 1 5
[293] 14 2 3 14 1 5
[169] 12 2 3 14 1 5
[200] 13 1 3 14 1 5
[83] 7 0 3 14 1 5
[363] 6 0 3 14 1 5
[163] 12 0 3 14 1 5
[356] 14 8 3 14 1 5
[256] 13 8 3 14 1 5
[368] 13 6 3 14 1 5
[366] 12 6 3 14 1 5
[356] 14 3 8 14 1 5
[256] 13 3 8 14 1 5
[356] 3 14 8 14 1 5
[474] 3 0 7 14 1 5
[368] 13 3 6 14 1 5
[366] 12 3 6 14 1 5
[366] 3 12 6 14 1 5
[0] 2 3 2 13 1 5
[63] 1 3 2 13 1 5
[124] 0 3 2 13 1 5
[311] 13 3 2 13 1 5
[269] 12 3 2 13 1 5
[171] 3 13 2 13 1 5
[18] 2 3 1 13 1 5
[318] 13 3 1 13 1 5
[278] 12 3 1 13 1 5
[18] 3 14 1 13 1 5
[3] 3 14 0 13 1 5
[163] 3 13 0 13 1 5
[11] 13 2 3 13 1 5
[9] 12 2 3 13 1 5
[400] 8 1 3 13 1 5
[300] 7 1 3 13 1 5
[83] 8 0 3 13 1 5
[363] 7 0 3 13 1 5
[276] 12 8 3 13 1 5
[74] 1 7 3 13 1 5
[314] 13 7 3 13 1 5
[274] 12 7 3 13 1 5
[132] 0 6 3 13 1 5
[20] 1 14 3 13 1 5
[83] 0 14 3 13 1 5
[394] 7 14 3 13 1 5
[352] 6 14 3 13 1 5
[307] 2 13 3 13 1 5
[300] 1 13 3 13 1 5
[74] 7 13 3 13 1 5
[412] 6 13 3 13 1 5
[260] 1 12 3 13 1 5
[276] 8 12 3 13 1 5
[274] 7 12 3 13 1 5
[272] 6 12 3 13 1 5
[276] 12 3 8 13 1 5
[336] 3 12 8 13 1 5
[74] 1 3 7 13 1 5
[314] 13 3 7 13 1 5
[274] 12 3 7 13 1 5
[132] 0 3 6 13 1 5
[460] 2 3 2 12 1 5
[463] 1 3 2 12 1 5
[464] 0 3 2 12 1 5
[471] 13 3 2 12 1 5
[469] 12 3 2 12 1 5
[471] 3 13 2 12 1 5
[461] 3 12 2 12 1 5
[38] 0 3 1 12 1 5
[464] 4 14 5 12 1 5
[124] 4 13 5 12 1 5
[3] 5 0 4 12 1 5
[407] 8 2 3 12 1 5
[307] 7 2 3 12 1 5
[167] 6 2 3 12 1 5
[71] 13 2 3 12 1 5
[69] 12 2 3 12 1 5
[240] 13 1 3 12 1 5
[220] 12 1 3 12 1 5
[74] 2 7 3 12 1 5
[132] 1 6 3 12 1 5
[476] 3 2 8 12 1 5
[96] 3 1 8 12 1 5
[336] 3 13 8 12 1 5
[474] 3 2 7 12 1 5
[74] 2 3 7 12 1 5
[472] 3 2 6 12 1 5
[132] 1 3 6 12 1 5
[186] 3 12 6 12 1 5
[435] 6 4 14 5 0 5
[431] 14 4 14 5 0 5
[435] 4 6 14 5 0 5
[309] 14 4 13 5 0 5
[179] 8 4 12 5 0 5
[79] 7 4 12 5 0 5
[419] 6 4 12 5 0 5
[279] 14 4 12 5 0 5
[199] 13 4 12 5 0 5
[159] 12 4 12 5 0 5
[179] 4 8 12 5 0 5
[79] 4 7 12 5 0 5
[419] 4 6 12 5 0 5
[84] 2 5 1 4 0 5
[147] 1 5 1 4 0 5
[200] 0 5 1 4 0 5
[87] 2 5 0 4 0 5
[363] 2 8 2 3 0 5
[364] 1 8 2 3 0 5
[367] 0 8 2 3 0 5
[200] 13 7 2 3 0 5
[240] 13 6 2 3 0 5
[220] 12 6 2 3 0 5
[307] 1 14 1 3 0 5
[300] 0 14 1 3 0 5
[163] 8 14 1 3 0 5
[63] 7 14 1 3 0 5
[403] 6 14 1 3 0 5
[260] 0 13 1 3 0 5
[96] 1 8 0 3 0 5
[336] 13 8 0 3 0 5
[328] 13 6 0 3 0 5
[20] 9 2 11 3 0 5
[147] 10 7 10 3 0 5
[199] 11 1 9 3 0 5
[464] 11 0 9 3 0 5
[87] 11 8 9 3 0 5
[307] 11 7 9 3 0 5
[167] 11 6 9 3 0 5
[365] 8 2 14 3 0 5
[337] 7 2 14 3 0 5
[135] 6 2 14 3 0 5
[87] 12 2 14 3 0 5
[397] 7 1 14 3 0 5
[355] 6 1 14 3 0 5
[311] 14 1 14 3 0 5
[269] 13 1 14 3 0 5
[217] 7 0 14 3 0 5
[171] 14 0 14 3 0 5
[329] 13 0 14 3 0 5
[141] 1 8 14 3 0 5
[97] 2 7 14 3 0 5
[157] 1 7 14 3 0 5
[217] 0 7 14 3 0 5
[95] 2 6 14 3 0 5
[155] 1 6 14 3 0 5
[371] 8 2 13 3 0 5
[331] 7 2 13 3 0 5
[131] 6 2 13 3 0 5
[87] 13 2 13 3 0 5
[309] 14 1 13 3 0 5
[169] 14 0 13 3 0 5
[293] 12 0 13 3 0 5
[369] 8 2 12 3 0 5
[329] 7 2 12 3 0 5
[129] 6 2 12 3 0 5
[87] 14 2 12 3 0 5
[109] 8 1 12 3 0 5
[389] 7 1 12 3 0 5
[349] 6 1 12 3 0 5
[307] 14 1 12 3 0 5
[273] 13 1 12 3 0 5
[191] 12 1 12 3 0 5
[167] 14 0 12 3 0 5
[333] 13 0 12 3 0 5
[291] 12 0 12 3 0 5
[447] 3 9 4 11 0 5
[457] 7 3 1 14 0 5
[455] 6 3 1 14 0 5
[451] 14 3 1 14 0 5
[449] 13 3 1 14 0 5
[447] 12 3 1 14 0 5
[457] 3 7 1 14 0 5
[455] 3 6 1 14 0 5
[451] 3 14 1 14 0 5
[441] 3 13 1 14 0 5
[447] 3 12 1 14 0 5
[317] 7 3 0 14 0 5
[71] 14 3 0 14 0 5
[69] 13 3 0 14 0 5
[317] 3 7 0 14 0 5
[71] 3 14 0 14 0 5
[293] 5 2 4 14 0 5
[197] 7 2 3 14 0 5
[195] 6 2 3 14 0 5
[309] 13 2 3 14 0 5
[17] 7 1 3 14 0 5
[15] 6 1 3 14 0 5
[11] 14 1 3 14 0 5
[9] 13 1 3 14 0 5
[317] 7 0 3 14 0 5
[71] 14 0 3 14 0 5
[69] 13 0 3 14 0 5
[195] 3 14 6 14 0 5
[15] 3 13 6 14 0 5
[309] 14 8 3 13 0 5
[171] 2 7 3 13 0 5
[231] 1 7 3 13 0 5
[109] 14 7 3 13 0 5
[389] 14 6 3 13 0 5
[393] 12 6 3 13 0 5
[11] 3 2 8 13 0 5
[471] 3 1 8 13 0 5
[309] 14 3 8 13 0 5
[171] 3 2 7 13 0 5
[431] 3 0 7 13 0 5
[171] 2 3 7 13 0 5
[231] 1 3 7 13 0 5
[109] 14 3 7 13 0 5
[389] 14 3 6 13 0 5
[393] 12 3 6 13 0 5
[393] 3 12 6 13 0 5
[17] 3 9 4 2 11 5
[217] 3 9 3 2 11 5
[435] 8 3 9 2 11 5
[435] 3 8 9 2 11 5
[104] 3 9 5 1 11 5
[163] 3 1 9 0 11 5
[431] 13 3 9 0 11 5
[431] 3 13 9 0 11 5
[431] 3 9 13 0 11 5
[20] 3 1 9 5 11 5
[163] 2 3 9 5 11 5
[408] 3 9 1 4 11 5
[328] 3 13 9 4 11 5
[328] 3 9 13 4 11 5
[206] 3 1 9 3 11 5
[219] 3 0 9 3 11 5
[141] 0 3 9 3 11 5
[20] 3 0 10 5 10 5
[163] 3 2 11 8 9 5
[58] 0 3 11 8 9 5
[18] 3 13 11 7 9 5
[18] 3 11 13 7 9 5
[18] 1 3 11 6 9 5
[38] 3 12 11 6 9 5
[38] 3 11 12 6 9 5
[87] 0 4 0 5 2 4
[300] 14 4 0 5 2 4
[260] 13 4 0 5 2 4
[180] 12 4 0 5 2 4
[300] 4 14 0 5 2 4
[20] 4 13 0 5 2 4
[348] 4 12 0 4 2 4
[348] 4 0 12 4 2 4
[20] 2 4 0 3 2 4
[83] 1 4 0 3 2 4
[331] 13 4 0 3 2 4
[289] 12 4 0 3 2 4
[219] 4 12 0 3 2 4
[435] 7 4 0 14 2 4
[435] 4 7 0 14 2 4
[145] 4 14 0 14 2 4
[305] 4 13 0 14 2 4
[145] 4 0 5 14 2 4
[318] 4 13 0 13 2 4
[300] 4 13 1 5 1 4
[20] 4 12 1 5 1 4
[352] 5 13 2 6 1 4
[302] 4 13 1 14 1 4
[318] 4 13 1 13 1 4
[300] 4 13 2 5 0 4
[20] 4 12 2 5 0 4
[368] 4 2 7 4 0 4
[328] 4 2 6 4 0 4
[363] 4 2 7 3 0 4
[38] 1 4 2 8 0 4
[318] 14 4 2 8 0 4
[278] 13 4 2 8 0 4
[366] 4 14 2 7 0 4
[368] 4 2 4 7 0 4
[363] 4 2 3 7 0 4
[452] 4 13 2 6 0 4
[328] 4 2 4 6 0 4
[410] 9 2 4 12 11 4
[190] 1 9 4 12 11 4
[410] 8 9 4 12 11 4
[310] 7 9 4 12 11 4
[356] 11 8 11 4 10 4
[356] 14 2 10 4 10 4
[256] 13 2 10 4 10 4
[276] 12 1 10 4 10 4
[226] 4 10 8 14 10 4
[246] 4 11 8 14 9 4
[262] 4 11 7 13 9 4
[226] 4 1 3 1 14 4
[169] 5 2 8 5 14 4
[262] 5 1 8 5 14 4
[389] 5 2 7 5 14 4
[349] 5 2 6 5 14 4
[356] 7 14 8 4 14 4
[228] 1 12 8 4 14 4
[348] 7 12 8 4 14 4
[141] 7 2 7 4 14 4
[102] 6 1 7 4 14 4
[357] 8 0 7 4 14 4
[155] 7 0 7 4 14 4
[348] 8 12 7 4 14 4
[141] 8 2 6 4 14 4
[241] 14 2 6 4 14 4
[221] 13 2 6 4 14 4
[102] 7 1 6 4 14 4
[157] 8 0 6 4 14 4
[393] 6 0 6 4 14 4
[245] 14 0 6 4 14 4
[225] 13 0 6 4 14 4
[125] 12 0 6 4 14 4
[244] 8 14 6 4 14 4
[256] 7 14 6 4 14 4
[368] 7 12 6 4 14 4
[328] 6 12 6 4 14 4
[408] 8 1 12 4 14 4
[368] 7 0 12 4 14 4
[328] 6 0 12 4 14 4
[79] 2 3 2 3 14 4
[139] 1 3 2 3 14 4
[199] 0 3 2 3 14 4
[179] 3 14 2 3 14 4
[339] 3 13 2 3 14 4
[199] 3 12 2 3 14 4
[465] 2 3 1 3 14 4
[461] 0 3 1 3 14 4
[179] 3 2 8 3 14 4
[399] 3 2 7 3 14 4
[359] 3 2 6 3 14 4
[169] 5 2 5 8 14 4
[262] 5 1 5 8 14 4
[356] 7 14 4 8 14 4
[228] 1 12 4 8 14 4
[348] 7 12 4 8 14 4
[179] 3 2 3 8 14 4
[246] 9 4 11 8 14 4
[226] 10 4 10 8 14 4
[356] 7 4 14 8 14 4
[356] 4 7 14 8 14 4
[58] 0 4 12 8 14 4
[389] 5 2 5 7 14 4
[141] 7 2 4 7 14 4
[102] 6 1 4 7 14 4
[357] 8 0 4 7 14 4
[155] 7 0 4 7 14 4
[348] 8 12 4 7 14 4
[399] 3 2 3 7 14 4
[349] 5 2 5 6 14 4
[141] 8 2 4 6 14 4
[241] 14 2 4 6 14 4
[221] 13 2 4 6 14 4
[102] 7 1 4 6 14 4
[157] 8 0 4 6 14 4
[393] 6 0 4 6 14 4
[245] 14 0 4 6 14 4
[225] 13 0 4 6 14 4
[125] 12 0 4 6 14 4
[244] 8 14 4 6 14 4
[256] 7 14 4 6 14 4
[368] 7 12 4 6 14 4
[328] 6 12 4 6 14 4
[359] 3 2 3 6 14 4
[132] 1 4 14 6 14 4
[472] 12 4 13 6 14 4
[18] 1 4 12 6 14 4
[226] 4 10 8 10 14 4
[246] 4 11 8 9 14 4
[256] 4 0 7 2 13 4
[262] 4 1 12 1 13 4
[356] 14 2 7 4 13 4
[256] 13 2 7 4 13 4
[276] 12 1 7 4 13 4
[408] 8 1 13 4 13 4
[368] 7 0 13 4 13 4
[328] 6 0 13 4 13 4
[447] 2 4 12 8 13 4
[443] 0 4 12 8 13 4
[452] 6 4 12 8 13 4
[452] 4 6 12 8 13 4
[356] 14 2 4 7 13 4
[256] 13 2 4 7 13 4
[276] 12 1 4 7 13 4
[276] 9 4 11 7 13 4
[262] 4 11 7 9 13 4
[450] 4 0 4 2 12 4
[262] 4 1 13 1 12 4
[290] 4 2 3 0 12 4
[368] 14 8 2 4 12 4
[366] 13 8 2 4 12 4
[288] 14 7 2 4 12 4
[206] 13 7 2 4 12 4
[190] 2 6 2 4 12 4
[348] 14 6 2 4 12 4
[246] 13 6 2 4 12 4
[368] 8 14 2 4 12 4
[328] 7 14 2 4 12 4
[141] 2 13 2 4 12 4
[366] 8 13 2 4 12 4
[126] 6 13 2 4 12 4
[364] 8 12 2 4 12 4
[336] 7 12 2 4 12 4
[248] 14 6 1 4 12 4
[226] 13 6 1 4 12 4
[132] 12 6 1 4 12 4
[408] 6 14 1 4 12 4
[261] 2 13 1 4 12 4
[262] 1 13 1 4 12 4
[265] 0 13 1 4 12 4
[132] 0 12 1 4 12 4
[228] 2 14 0 4 12 4
[408] 7 14 0 4 12 4
[126] 8 13 0 4 12 4
[366] 6 13 0 4 12 4
[190] 11 1 9 4 12 4
[310] 11 7 9 4 12 4
[368] 8 2 14 4 12 4
[328] 7 2 14 4 12 4
[348] 6 1 14 4 12 4
[272] 13 1 14 4 12 4
[190] 12 1 14 4 12 4
[332] 13 0 14 4 12 4
[290] 12 0 14 4 12 4
[102] 8 1 13 4 12 4
[302] 14 1 13 4 12 4
[262] 13 1 13 4 12 4
[217] 8 0 13 4 12 4
[165] 14 0 13 4 12 4
[364] 8 2 12 4 12 4
[336] 7 2 12 4 12 4
[104] 8 1 12 4 12 4
[396] 7 1 12 4 12 4
[310] 14 1 12 4 12 4
[268] 13 1 12 4 12 4
[186] 12 1 12 4 12 4
[328] 13 0 12 4 12 4
[87] 2 8 12 4 12 4
[96] 2 7 12 4 12 4
[410] 7 3 0 3 12 4
[310] 6 3 0 3 12 4
[328] 14 3 0 3 12 4
[410] 3 7 0 3 12 4
[310] 3 6 0 3 12 4
[186] 3 13 0 3 12 4
[240] 13 3 14 3 12 4
[220] 12 3 14 3 12 4
[359] 3 2 13 3 12 4
[328] 13 3 12 3 12 4
[410] 9 2 4 11 12 4
[190] 1 9 4 11 12 4
[410] 8 9 4 11 12 4
[310] 7 9 4 11 12 4
[356] 11 8 11 5 10 3
[356] 14 2 10 5 10 3
[256] 13 2 10 5 10 3
[276] 12 1 10 5 10 3
[240] 14 5 12 5 14 3
[220] 13 5 12 5 14 3
[3] 5 2 12 4 14 3
[290] 5 0 12 3 14 3
[300] 5 13 5 1 13 3
[278] 5 0 13 1 13 3
[18] 2 5 13 1 13 3
[318] 13 5 13 1 13 3
[278] 12 5 13 1 13 3
[278] 5 1 13 0 13 3
[58] 0 5 13 0 13 3
[180] 5 13 1 5 13 3
[352] 5 13 2 3 13 3
[300] 4 13 1 8 13 3
[20] 4 12 1 8 13 3
[348] 5 14 8 4 12 3
[368] 5 14 6 4 12 3
[366] 5 14 6 3 12 3
[348] 5 14 4 8 12 3
[318] 5 14 2 7 12 3
[38] 0 5 14 7 12 3
[368] 5 14 4 6 12 3
[366] 5 14 3 6 12 3
[408] 8 1 4 9 4 11
[368] 7 0 4 9 4 11
[328] 6 0 4 9 4 11
[328] 3 12 3 9 4 11
[244] 9 6 14 11 8 11
[256] 9 6 14 10 8 11
[336] 9 6 12 10 8 11
[244] 9 6 11 14 8 11
[256] 9 6 10 14 8 11
[318] 9 6 0 13 8 11
[58] 2 9 6 13 8 11
[336] 9 6 10 12 8 11
[418] 9 1 7 2 7 11
[38] 2 9 7 2 7 11
[418] 9 2 7 1 7 11
[18] 0 9 7 1 7 11
[418] 8 9 7 1 7 11
[318] 7 9 7 1 7 11
[302] 9 7 9 1 7 11
[332] 9 7 0 11 7 11
[62] 9 7 1 9 7 11
[42] 10 8 1 12 7 11
[302] 10 7 1 12 7 11
[394] 9 2 8 11 6 11
[1] 9 0 8 10 6 11
[82] 7 9 8 9 6 11
[362] 6 9 8 9 6 11
[241] 10 0 13 11 2 10
[356] 10 0 14 10 2 10
[256] 10 0 13 10 2 10
[42] 10 8 0 9 2 10
[302] 10 7 0 9 2 10
[472] 10 7 0 14 2 10
[356] 10 0 10 14 2 10
[244] 10 6 0 13 2 10
[241] 10 0 11 13 2 10
[256] 10 0 10 13 2 10
[58] 1 10 0 12 2 10
[418] 7 10 0 12 2 10
[318] 6 10 0 12 2 10
[318] 10 7 1 7 1 10
[300] 10 7 1 6 1 10
[42] 10 8 1 9 1 10
[302] 10 7 1 9 1 10
[332] 9 7 0 14 1 10
[318] 10 7 2 7 0 10
[307] 10 7 2 6 0 10
[167] 10 6 2 6 0 10
[431] 13 10 2 6 0 10
[431] 10 13 2 6 0 10
[167] 10 2 9 6 0 10
[119] 10 8 2 11 0 10
[221] 1 10 2 11 0 10
[42] 0 10 2 11 0 10
[397] 8 10 2 11 0 10
[355] 7 10 2 11 0 10
[336] 10 8 2 10 0 10
[336] 10 2 8 10 0 10
[42] 10 7 2 9 0 10
[302] 10 6 2 9 0 10
[225] 2 10 2 9 0 10
[62] 8 10 2 9 0 10
[402] 7 10 2 9 0 10
[302] 6 10 2 9 0 10
[400] 10 3 13 7 5 10
[364] 10 3 12 6 5 10
[84] 10 4 12 6 4 10
[408] 8 1 4 10 4 10
[368] 7 0 4 10 4 10
[328] 6 0 4 10 4 10
[328] 3 12 3 10 4 10
[274] 5 0 10 8 3 10
[74] 1 5 10 8 3 10
[314] 13 5 10 8 3 10
[274] 12 5 10 8 3 10
[394] 10 0 11 2 8 10
[400] 10 1 7 1 8 10
[474] 10 2 10 0 8 10
[274] 5 0 10 3 8 10
[74] 1 5 10 3 8 10
[314] 13 5 10 3 8 10
[274] 12 5 10 3 8 10
[64] 11 7 2 11 8 10
[356] 6 11 2 11 8 10
[314] 14 11 2 11 8 10
[274] 13 11 2 11 8 10
[314] 11 14 2 11 8 10
[274] 11 13 2 11 8 10
[356] 7 11 8 11 8 10
[339] 11 0 7 11 8 10
[82] 8 11 6 11 8 10
[362] 7 11 6 11 8 10
[244] 14 7 2 10 8 10
[124] 12 7 2 10 8 10
[96] 0 6 2 10 8 10
[276] 13 6 2 10 8 10
[132] 2 8 1 10 8 10
[407] 2 7 1 10 8 10
[400] 1 7 1 10 8 10
[403] 0 7 1 10 8 10
[276] 14 6 1 10 8 10
[132] 8 14 1 10 8 10
[84] 7 14 1 10 8 10
[376] 6 14 1 10 8 10
[348] 13 8 0 10 8 10
[246] 12 8 0 10 8 10
[163] 0 7 0 10 8 10
[124] 14 7 0 10 8 10
[244] 12 7 0 10 8 10
[356] 13 6 0 10 8 10
[256] 12 6 0 10 8 10
[74] 0 14 0 10 8 10
[364] 7 14 0 10 8 10
[336] 6 14 0 10 8 10
[104] 7 13 0 10 8 10
[396] 6 13 0 10 8 10
[244] 7 12 0 10 8 10
[256] 6 12 0 10 8 10
[74] 3 1 5 10 8 10
[314] 3 13 5 10 8 10
[356] 7 2 8 10 8 10
[64] 8 1 8 10 8 10
[416] 7 1 8 10 8 10
[314] 6 1 8 10 8 10
[288] 13 1 8 10 8 10
[206] 12 1 8 10 8 10
[348] 13 0 8 10 8 10
[246] 12 0 8 10 8 10
[228] 0 13 8 10 8 10
[225] 0 12 8 10 8 10
[147] 6 2 7 10 8 10
[109] 12 2 7 10 8 10
[400] 7 1 7 10 8 10
[300] 6 1 7 10 8 10
[200] 12 1 7 10 8 10
[394] 8 2 6 10 8 10
[352] 7 2 6 10 8 10
[74] 8 1 6 10 8 10
[412] 7 1 6 10 8 10
[336] 14 1 6 10 8 10
[356] 13 0 6 10 8 10
[256] 12 0 6 10 8 10
[400] 10 1 8 1 7 10
[368] 10 2 13 0 7 10
[400] 10 3 13 5 7 10
[356] 14 2 7 10 7 10
[256] 13 2 7 10 7 10
[276] 12 1 7 10 7 10
[408] 8 1 13 10 7 10
[368] 7 0 13 10 7 10
[328] 6 0 13 10 7 10
[408] 5 10 3 13 7 10
[408] 8 1 10 13 7 10
[368] 7 0 10 13 7 10
[328] 6 0 10 13 7 10
[461] 2 10 8 12 7 10
[465] 0 10 8 12 7 10
[472] 14 10 8 12 7 10
[472] 10 14 8 12 7 10
[84] 10 1 11 1 6 10
[364] 10 3 12 5 6 10
[84] 10 4 12 4 6 10
[443] 2 11 1 11 6 10
[447] 0 11 1 11 6 10
[79] 11 8 0 11 6 10
[359] 11 7 0 11 6 10
[159] 11 6 0 11 6 10
[79] 2 11 0 11 6 10
[139] 1 11 0 11 6 10
[199] 0 11 0 11 6 10
[339] 11 0 14 11 6 10
[299] 11 0 13 11 6 10
[159] 11 0 12 11 6 10
[356] 14 2 8 10 6 10
[256] 13 2 8 10 6 10
[276] 12 1 8 10 6 10
[127] 8 2 14 10 6 10
[87] 7 2 14 10 6 10
[367] 6 2 14 10 6 10
[293] 14 2 14 10 6 10
[169] 12 2 14 10 6 10
[200] 13 1 14 10 6 10
[83] 7 0 14 10 6 10
[363] 6 0 14 10 6 10
[163] 12 0 14 10 6 10
[356] 14 8 14 10 6 10
[256] 13 8 14 10 6 10
[368] 13 6 14 10 6 10
[366] 12 6 14 10 6 10
[171] 13 2 13 10 6 10
[329] 12 2 13 10 6 10
[200] 14 1 13 10 6 10
[163] 13 0 13 10 6 10
[336] 12 8 13 10 6 10
[96] 1 8 12 10 6 10
[336] 13 8 12 10 6 10
[328] 13 6 12 10 6 10
[337] 9 0 14 9 6 10
[297] 9 0 13 9 6 10
[400] 9 1 12 9 6 10
[157] 9 0 12 9 6 10
[18] 1 10 8 14 6 10
[452] 8 10 7 14 6 10
[132] 1 10 6 14 6 10
[339] 11 0 11 14 6 10
[127] 8 2 10 14 6 10
[87] 7 2 10 14 6 10
[367] 6 2 10 14 6 10
[293] 14 2 10 14 6 10
[169] 12 2 10 14 6 10
[200] 13 1 10 14 6 10
[83] 7 0 10 14 6 10
[363] 6 0 10 14 6 10
[163] 12 0 10 14 6 10
[356] 14 8 10 14 6 10
[256] 13 8 10 14 6 10
[368] 13 6 10 14 6 10
[366] 12 6 10 14 6 10
[337] 9 0 9 14 6 10
[299] 11 0 11 13 6 10
[171] 13 2 10 13 6 10
[329] 12 2 10 13 6 10
[200] 14 1 10 13 6 10
[163] 13 0 10 13 6 10
[336] 12 8 10 13 6 10
[297] 9 0 9 13 6 10
[84] 4 10 4 12 6 10
[364] 5 10 3 12 6 10
[38] 2 10 8 12 6 10
[328] 13 10 6 12 6 10
[328] 10 13 6 12 6 10
[159] 11 0 11 12 6 10
[96] 1 8 10 12 6 10
[336] 13 8 10 12 6 10
[328] 13 6 10 12 6 10
[400] 9 1 9 12 6 10
[157] 9 0 9 12 6 10
[465] 11 5 10 3 2 9
[293] 8 14 11 7 2 9
[297] 6 14 11 7 2 9
[95] 1 13 11 7 2 9
[155] 0 13 11 7 2 9
[217] 6 13 11 7 2 9
[317] 6 12 11 7 2 9
[293] 11 8 14 7 2 9
[293] 8 11 14 7 2 9
[297] 6 11 14 7 2 9
[435] 11 2 13 7 2 9
[155] 11 0 13 7 2 9
[95] 1 11 13 7 2 9
[155] 0 11 13 7 2 9
[217] 6 11 13 7 2 9
[455] 11 1 12 7 2 9
[15] 11 0 12 7 2 9
[317] 6 11 12 7 2 9
[195] 11 6 2 6 2 9
[197] 7 11 2 6 2 9
[195] 6 11 2 6 2 9
[309] 13 11 2 6 2 9
[309] 11 13 2 6 2 9
[465] 11 8 1 6 2 9
[463] 11 7 1 6 2 9
[475] 11 6 1 6 2 9
[465] 8 11 1 6 2 9
[477] 7 11 1 6 2 9
[475] 6 11 1 6 2 9
[471] 14 11 1 6 2 9
[469] 13 11 1 6 2 9
[471] 11 14 1 6 2 9
[469] 11 13 1 6 2 9
[197] 7 2 11 6 2 9
[195] 6 2 11 6 2 9
[309] 13 2 11 6 2 9
[17] 7 1 11 6 2 9
[15] 6 1 11 6 2 9
[11] 14 1 11 6 2 9
[9] 13 1 11 6 2 9
[317] 7 0 11 6 2 9
[71] 14 0 11 6 2 9
[69] 13 0 11 6 2 9
[393] 9 0 10 6 2 9
[11] 11 7 14 6 2 9
[71] 11 6 14 6 2 9
[356] 7 14 2 11 2 9
[228] 1 12 2 11 2 9
[348] 7 12 2 11 2 9
[402] 2 7 1 11 2 9
[302] 2 6 1 11 2 9
[305] 1 6 1 11 2 9
[261] 14 6 1 11 2 9
[181] 13 6 1 11 2 9
[141] 12 6 1 11 2 9
[82] 8 14 0 11 2 9
[362] 7 14 0 11 2 9
[102] 7 13 0 11 2 9
[245] 2 12 0 11 2 9
[246] 1 12 0 11 2 9
[241] 0 12 0 11 2 9
[446] 3 2 5 11 2 9
[79] 3 1 5 11 2 9
[145] 3 14 5 11 2 9
[305] 3 13 5 11 2 9
[225] 3 12 5 11 2 9
[165] 4 13 4 11 2 9
[42] 5 0 3 11 2 9
[395] 8 2 8 11 2 9
[353] 7 2 8 11 2 9
[145] 6 2 8 11 2 9
[75] 8 1 8 11 2 9
[413] 7 1 8 11 2 9
[305] 6 1 8 11 2 9
[337] 14 1 8 11 2 9
[297] 13 1 8 11 2 9
[217] 12 1 8 11 2 9
[225] 6 0 8 11 2 9
[137] 14 0 8 11 2 9
[357] 13 0 8 11 2 9
[257] 12 0 8 11 2 9
[393] 8 2 7 11 2 9
[157] 6 2 7 11 2 9
[317] 6 1 7 11 2 9
[225] 7 0 7 11 2 9
[135] 14 0 7 11 2 9
[355] 13 0 7 11 2 9
[255] 12 0 7 11 2 9
[357] 7 2 6 11 2 9
[155] 6 2 6 11 2 9
[109] 13 2 6 11 2 9
[417] 7 1 6 11 2 9
[315] 6 1 6 11 2 9
[331] 14 1 6 11 2 9
[289] 13 1 6 11 2 9
[225] 8 0 6 11 2 9
[131] 14 0 6 11 2 9
[349] 13 0 6 11 2 9
[247] 12 0 6 11 2 9
[171] 1 14 6 11 2 9
[231] 0 14 6 11 2 9
[109] 2 13 6 11 2 9
[169] 1 13 6 11 2 9
[229] 0 13 6 11 2 9
[163] 1 12 6 11 2 9
[225] 0 9 2 10 2 9
[102] 2 9 1 10 2 9
[165] 1 9 1 10 2 9
[226] 0 9 1 10 2 9
[179] 8 10 8 9 2 9
[79] 7 10 8 9 2 9
[419] 6 10 8 9 2 9
[279] 14 10 8 9 2 9
[199] 13 10 8 9 2 9
[159] 12 10 8 9 2 9
[279] 10 14 8 9 2 9
[199] 10 13 8 9 2 9
[159] 10 12 8 9 2 9
[317] 6 10 7 9 2 9
[435] 6 10 6 9 2 9
[431] 14 10 6 9 2 9
[431] 10 14 6 9 2 9
[58] 2 11 1 8 1 9
[443] 11 8 0 8 1 9
[455] 11 7 0 8 1 9
[446] 2 11 0 8 1 9
[441] 1 11 0 8 1 9
[442] 0 11 0 8 1 9
[457] 8 11 0 8 1 9
[455] 7 11 0 8 1 9
[82] 8 1 11 8 1 9
[362] 7 1 11 8 1 9
[197] 8 0 11 8 1 9
[195] 7 0 11 8 1 9
[145] 14 0 11 8 1 9
[305] 13 0 11 8 1 9
[265] 12 0 11 8 1 9
[132] 1 14 11 8 1 9
[190] 0 13 11 8 1 9
[1] 9 2 10 8 1 9
[126] 10 7 9 8 1 9
[446] 10 6 9 8 1 9
[452] 11 0 14 8 1 9
[64] 11 8 14 8 1 9
[132] 1 11 14 8 1 9
[450] 11 0 13 8 1 9
[190] 0 11 13 8 1 9
[228] 11 1 12 8 1 9
[448] 11 0 12 8 1 9
[348] 11 7 12 8 1 9
[141] 11 7 2 7 1 9
[1] 11 6 2 7 1 9
[18] 11 6 1 7 1 9
[18] 0 11 1 7 1 9
[418] 8 11 1 7 1 9
[318] 7 11 1 7 1 9
[155] 11 7 0 7 1 9
[126] 2 11 0 7 1 9
[181] 1 11 0 7 1 9
[2] 0 11 0 7 1 9
[417] 8 11 0 7 1 9
[315] 7 11 0 7 1 9
[241] 13 2 11 7 1 9
[221] 12 2 11 7 1 9
[302] 13 1 11 7 1 9
[262] 12 1 11 7 1 9
[17] 8 0 11 7 1 9
[15] 7 0 11 7 1 9
[402] 1 8 11 7 1 9
[412] 14 8 11 7 1 9
[410] 13 8 11 7 1 9
[408] 12 8 11 7 1 9
[302] 1 7 11 7 1 9
[305] 0 7 11 7 1 9
[272] 14 7 11 7 1 9
[190] 13 7 11 7 1 9
[221] 2 6 11 7 1 9
[42] 1 6 11 7 1 9
[332] 14 6 11 7 1 9
[290] 13 6 11 7 1 9
[132] 2 14 11 7 1 9
[190] 1 13 11 7 1 9
[410] 8 13 11 7 1 9
[310] 7 13 11 7 1 9
[408] 8 12 11 7 1 9
[132] 2 11 14 7 1 9
[190] 1 11 13 7 1 9
[410] 8 11 13 7 1 9
[310] 7 11 13 7 1 9
[348] 11 8 12 7 1 9
[408] 8 11 12 7 1 9
[141] 11 8 2 6 1 9
[1] 11 7 2 6 1 9
[141] 8 11 2 6 1 9
[241] 14 11 2 6 1 9
[221] 13 11 2 6 1 9
[241] 11 14 2 6 1 9
[221] 11 13 2 6 1 9
[18] 11 7 1 6 1 9
[15] 11 7 0 6 1 9
[157] 8 11 0 6 1 9
[393] 6 11 0 6 1 9
[245] 14 11 0 6 1 9
[225] 13 11 0 6 1 9
[125] 12 11 0 6 1 9
[245] 11 14 0 6 1 9
[225] 11 13 0 6 1 9
[125] 11 12 0 6 1 9
[141] 8 2 11 6 1 9
[241] 14 2 11 6 1 9
[221] 13 2 11 6 1 9
[102] 7 1 11 6 1 9
[157] 8 0 11 6 1 9
[393] 6 0 11 6 1 9
[245] 14 0 11 6 1 9
[225] 13 0 11 6 1 9
[125] 12 0 11 6 1 9
[244] 8 14 11 6 1 9
[256] 7 14 11 6 1 9
[368] 7 12 11 6 1 9
[328] 6 12 11 6 1 9
[356] 9 1 10 6 1 9
[244] 11 8 14 6 1 9
[244] 8 11 14 6 1 9
[256] 7 11 14 6 1 9
[450] 11 2 13 6 1 9
[328] 11 6 12 6 1 9
[368] 7 11 12 6 1 9
[328] 6 11 12 6 1 9
[356] 7 14 8 11 1 9
[228] 1 12 8 11 1 9
[348] 7 12 8 11 1 9
[141] 7 2 7 11 1 9
[102] 6 1 7 11 1 9
[357] 8 0 7 11 1 9
[155] 7 0 7 11 1 9
[348] 8 12 7 11 1 9
[141] 8 2 6 11 1 9
[241] 14 2 6 11 1 9
[221] 13 2 6 11 1 9
[102] 7 1 6 11 1 9
[157] 8 0 6 11 1 9
[393] 6 0 6 11 1 9
[245] 14 0 6 11 1 9
[225] 13 0 6 11 1 9
[125] 12 0 6 11 1 9
[244] 8 14 6 11 1 9
[256] 7 14 6 11 1 9
[368] 7 12 6 11 1 9
[328] 6 12 6 11 1 9
[408] 8 1 12 11 1 9
[368] 7 0 12 11 1 9
[328] 6 0 12 11 1 9
[402] 0 9 0 10 1 9
[317] 8 9 0 10 1 9
[461] 2 10 8 9 1 9
[465] 0 10 8 9 1 9
[472] 14 10 8 9 1 9
[472] 10 14 8 9 1 9
[472] 13 11 2 12 1 9
[472] 11 13 2 12 1 9
[328] 11 6 0 12 1 9
[368] 7 11 0 12 1 9
[328] 6 11 0 12 1 9
[408] 8 1 11 12 1 9
[368] 7 0 11 12 1 9
[328] 6 0 11 12 1 9
[402] 2 7 14 11 0 9
[302] 2 6 14 11 0 9
[305] 1 6 14 11 0 9
[261] 14 6 14 11 0 9
[181] 13 6 14 11 0 9
[141] 12 6 14 11 0 9
[82] 7 2 13 11 0 9
[362] 6 2 13 11 0 9
[137] 8 1 13 11 0 9
[95] 7 1 13 11 0 9
[373] 6 1 13 11 0 9
[165] 12 1 13 11 0 9
[126] 8 0 13 11 0 9
[366] 6 0 13 11 0 9
[241] 13 8 13 11 0 9
[221] 12 8 13 11 0 9
[362] 2 6 13 11 0 9
[365] 1 6 13 11 0 9
[366] 0 6 13 11 0 9
[297] 8 1 12 11 0 9
[293] 6 1 12 11 0 9
[165] 13 1 12 11 0 9
[328] 12 0 12 11 0 9
[402] 0 9 1 10 0 9
[317] 8 9 1 10 0 9
[366] 9 0 14 10 0 9
[336] 9 2 13 10 0 9
[441] 10 7 13 9 0 9
[1] 10 6 13 9 0 9
[58] 2 11 2 14 0 9
[443] 11 8 1 14 0 9
[455] 11 7 1 14 0 9
[446] 2 11 1 14 0 9
[441] 1 11 1 14 0 9
[442] 0 11 1 14 0 9
[457] 8 11 1 14 0 9
[455] 7 11 1 14 0 9
[82] 2 11 8 14 0 9
[145] 1 11 8 14 0 9
[206] 0 11 8 14 0 9
[318] 11 2 6 14 0 9
[305] 11 1 6 14 0 9
[302] 2 11 6 14 0 9
[305] 1 11 6 14 0 9
[261] 14 11 6 14 0 9
[181] 13 11 6 14 0 9
[141] 12 11 6 14 0 9
[261] 11 14 6 14 0 9
[181] 11 13 6 14 0 9
[141] 11 12 6 14 0 9
[402] 2 7 11 14 0 9
[302] 2 6 11 14 0 9
[305] 1 6 11 14 0 9
[261] 14 6 11 14 0 9
[181] 13 6 11 14 0 9
[141] 12 6 11 14 0 9
[366] 9 0 10 14 0 9
[58] 11 7 2 13 0 9
[137] 8 11 1 13 0 9
[95] 7 11 1 13 0 9
[373] 6 11 1 13 0 9
[165] 12 11 1 13 0 9
[165] 11 12 1 13 0 9
[126] 11 8 0 13 0 9
[126] 8 11 0 13 0 9
[366] 6 11 0 13 0 9
[465] 11 1 8 13 0 9
[241] 13 11 8 13 0 9
[221] 12 11 8 13 0 9
[241] 11 13 8 13 0 9
[221] 11 12 8 13 0 9
[102] 2 11 7 13 0 9
[165] 1 11 7 13 0 9
[226] 0 11 7 13 0 9
[225] 1 11 6 13 0 9
[141] 6 11 6 13 0 9
[82] 7 2 11 13 0 9
[362] 6 2 11 13 0 9
[137] 8 1 11 13 0 9
[95] 7 1 11 13 0 9
[373] 6 1 11 13 0 9
[165] 12 1 11 13 0 9
[126] 8 0 11 13 0 9
[366] 6 0 11 13 0 9
[241] 13 8 11 13 0 9
[221] 12 8 11 13 0 9
[362] 2 6 11 13 0 9
[365] 1 6 11 13 0 9
[366] 0 6 11 13 0 9
[336] 9 2 10 13 0 9
[441] 10 7 9 13 0 9
[1] 10 6 9 13 0 9
[293] 11 6 1 12 0 9
[297] 8 11 1 12 0 9
[293] 6 11 1 12 0 9
[165] 13 11 1 12 0 9
[165] 11 13 1 12 0 9
[328] 12 11 0 12 0 9
[328] 11 12 0 12 0 9
[297] 8 1 11 12 0 9
[293] 6 1 11 12 0 9
[165] 13 1 11 12 0 9
[328] 12 0 11 12 0 9
[58] 11 8 3 14 5 9
[18] 1 11 3 14 5 9
[58] 11 3 8 14 5 9
[18] 11 7 3 13 5 9
[18] 11 3 7 13 5 9
[141] 11 0 3 12 5 9
[38] 2 11 3 12 5 9
[42] 11 2 4 9 4 9
[141] 11 1 5 2 3 9
[435] 11 7 5 2 3 9
[435] 7 11 5 2 3 9
[435] 11 5 7 2 3 9
[206] 11 5 9 1 3 9
[431] 12 11 5 0 3 9
[431] 11 12 5 0 3 9
[109] 11 5 11 0 3 9
[9] 11 5 10 0 3 9
[119] 11 2 5 11 3 9
[104] 11 1 5 11 3 9
[163] 2 11 5 11 3 9
[276] 11 5 1 10 3 9
[356] 11 7 5 10 3 9
[356] 11 5 7 10 3 9
[42] 11 1 5 9 3 9
[141] 0 11 5 9 3 9
[409] 6 12 5 1 4 2 5
[271] 3 13 4 1 4 2 5
[271] 4 13 3 1 4 2 5
[239] 4 12 4 1 3 2 5
[313] 14 7 1 8 3 2 5
[271] 13 7 1 8 3 2 5
[189] 12 7 1 8 3 2 5
[374] 7 12 2 7 3 2 5
[313] 14 8 1 7 3 2 5
[271] 13 8 1 7 3 2 5
[189] 12 8 1 7 3 2 5
[189] 2 12 1 7 3 2 5
[313] 14 7 3 1 8 2 5
[271] 13 7 3 1 8 2 5
[189] 12 7 3 1 8 2 5
[313] 14 3 7 1 8 2 5
[271] 13 3 7 1 8 2 5
[189] 12 3 7 1 8 2 5
[313] 3 14 7 1 8 2 5
[313] 14 7 1 3 8 2 5
[271] 13 7 1 3 8 2 5
[189] 12 7 1 3 8 2 5
[374] 7 12 3 2 7 2 5
[458] 3 1 12 2 7 2 5
[374] 7 3 12 2 7 2 5
[374] 3 7 12 2 7 2 5
[313] 14 8 3 1 7 2 5
[271] 13 8 3 1 7 2 5
[189] 12 8 3 1 7 2 5
[189] 2 12 3 1 7 2 5
[313] 14 3 8 1 7 2 5
[271] 13 3 8 1 7 2 5
[189] 12 3 8 1 7 2 5
[313] 3 14 8 1 7 2 5
[374] 7 12 2 3 7 2 5
[313] 14 8 1 3 7 2 5
[271] 13 8 1 3 7 2 5
[189] 12 8 1 3 7 2 5
[189] 2 12 1 3 7 2 5
[313] 14 1 3 13 7 2 5
[271] 13 1 3 13 7 2 5
[189] 12 1 3 13 7 2 5
[478] 3 0 8 12 7 2 5
[458] 3 0 7 14 6 2 5
[409] 6 12 5 2 4 1 5
[271] 3 13 4 2 4 1 5
[271] 4 13 3 2 4 1 5
[239] 4 12 4 2 3 1 5
[251] 13 8 2 14 3 1 5
[409] 7 12 2 14 3 1 5
[411] 7 13 2 13 3 1 5
[374] 8 1 8 12 3 1 5
[250] 5 0 4 14 6 1 5
[251] 13 8 3 2 14 1 5
[409] 7 12 3 2 14 1 5
[251] 13 3 8 2 14 1 5
[478] 3 0 7 0 14 1 5
[251] 13 8 2 3 14 1 5
[409] 7 12 2 3 14 1 5
[379] 3 2 12 6 14 1 5
[374] 7 0 3 2 13 1 5
[411] 6 13 3 2 13 1 5
[411] 7 3 13 2 13 1 5
[411] 3 7 13 2 13 1 5
[189] 0 12 2 3 13 1 5
[250] 14 6 14 3 13 1 5
[374] 7 4 13 5 12 1 5
[374] 4 7 13 5 12 1 5
[411] 13 8 2 3 12 1 5
[409] 12 8 2 3 12 1 5
[411] 8 13 2 3 12 1 5
[189] 1 12 2 3 12 1 5
[409] 8 12 2 3 12 1 5
[459] 11 0 9 3 12 1 5
[374] 8 3 1 8 12 1 5
[374] 3 8 1 8 12 1 5
[251] 5 2 5 13 5 0 5
[409] 6 14 4 13 5 0 5
[239] 2 8 4 12 5 0 5
[59] 1 8 4 12 5 0 5
[39] 1 12 4 12 5 0 5
[99] 0 12 4 12 5 0 5
[239] 3 14 3 12 5 0 5
[59] 3 13 3 12 5 0 5
[239] 2 4 8 12 5 0 5
[59] 1 4 8 12 5 0 5
[411] 4 12 6 12 5 0 5
[313] 14 1 5 1 4 0 5
[271] 13 1 5 1 4 0 5
[189] 12 1 5 1 4 0 5
[239] 5 14 5 12 4 0 5
[99] 11 2 9 2 3 0 5
[374] 8 1 8 0 3 0 5
[313] 14 10 7 10 3 0 5
[271] 13 10 7 10 3 0 5
[189] 12 10 7 10 3 0 5
[313] 10 14 7 10 3 0 5
[271] 10 13 7 10 3 0 5
[189] 10 12 7 10 3 0 5
[99] 11 1 8 9 3 0 5
[459] 11 1 6 9 3 0 5
[189] 11 1 12 9 3 0 5
[411] 6 14 1 14 3 0 5
[411] 7 14 0 14 3 0 5
[375] 8 2 7 14 3 0 5
[277] 13 1 7 14 3 0 5
[275] 13 1 6 14 3 0 5
[409] 6 14 1 13 3 0 5
[409] 7 14 0 13 3 0 5
[439] 4 14 4 13 3 0 5
[313] 4 12 4 13 3 0 5
[189] 2 6 2 12 3 0 5
[277] 7 13 1 12 3 0 5
[275] 6 13 1 12 3 0 5
[375] 6 13 0 12 3 0 5
[189] 11 1 9 12 3 0 5
[458] 3 9 2 4 11 0 5
[77] 3 1 7 2 14 0 5
[77] 3 2 7 1 14 0 5
[277] 14 7 3 0 14 0 5
[411] 8 14 3 0 14 0 5
[189] 1 13 3 0 14 0 5
[409] 8 13 3 0 14 0 5
[277] 14 3 7 0 14 0 5
[411] 8 3 14 0 14 0 5
[411] 3 8 14 0 14 0 5
[77] 1 7 2 3 14 0 5
[277] 12 7 2 3 14 0 5
[275] 12 6 2 3 14 0 5
[409] 6 13 2 3 14 0 5
[77] 2 7 1 3 14 0 5
[189] 0 13 1 3 14 0 5
[277] 14 7 0 3 14 0 5
[411] 8 14 0 3 14 0 5
[189] 1 13 0 3 14 0 5
[409] 8 13 0 3 14 0 5
[275] 12 3 14 6 14 0 5
[251] 5 2 8 4 13 0 5
[271] 5 1 7 4 13 0 5
[409] 6 14 8 3 13 0 5
[411] 7 2 7 3 13 0 5
[251] 5 2 4 8 13 0 5
[409] 6 14 3 8 13 0 5
[411] 7 3 2 7 13 0 5
[411] 3 7 2 7 13 0 5
[271] 5 1 4 7 13 0 5
[411] 7 2 3 7 13 0 5
[77] 2 3 9 4 2 11 5
[439] 3 10 5 11 2 11 5
[478] 3 2 9 4 0 11 5
[39] 4 12 5 9 0 11 5
[39] 2 3 0 9 3 11 5
[99] 1 3 0 9 3 11 5
[39] 3 14 0 9 3 11 5
[439] 3 9 0 9 3 10 5
[478] 3 11 8 12 7 9 5
[458] 3 11 7 14 6 9 5
[39] 2 4 12 0 3 2 4
[99] 1 4 12 0 3 2 4
[439] 4 1 5 2 14 2 4
[478] 4 14 0 4 12 2 4
[439] 4 0 12 0 3 1 4
[250] 14 5 13 2 6 1 4
[439] 4 2 5 2 14 1 4
[39] 3 0 3 1 14 1 4
[439] 4 1 12 0 3 0 4
[250] 4 13 11 8 14 9 4
[250] 4 11 13 8 14 9 4
[239] 3 0 4 1 5 14 4
[409] 7 5 2 8 5 14 4
[409] 5 7 2 8 5 14 4
[99] 10 8 10 0 4 14 4
[250] 12 1 12 8 4 14 4
[275] 13 7 0 7 4 14 4
[277] 13 8 0 6 4 14 4
[375] 7 12 0 6 4 14 4
[99] 8 1 3 2 3 14 4
[379] 7 1 3 2 3 14 4
[259] 13 1 3 2 3 14 4
[239] 12 1 3 2 3 14 4
[239] 2 3 14 2 3 14 4
[59] 1 3 14 2 3 14 4
[99] 7 3 13 2 3 14 4
[379] 6 3 13 2 3 14 4
[99] 3 7 13 2 3 14 4
[379] 3 6 13 2 3 14 4
[239] 2 3 2 8 3 14 4
[59] 1 3 2 8 3 14 4
[259] 14 3 2 6 3 14 4
[239] 13 3 2 6 3 14 4
[39] 3 13 2 6 3 14 4
[250] 5 0 4 13 3 14 4
[409] 7 5 2 5 8 14 4
[409] 5 7 2 5 8 14 4
[250] 12 1 12 4 8 14 4
[239] 2 3 2 3 8 14 4
[59] 1 3 2 3 8 14 4
[250] 9 4 13 11 8 14 4
[250] 9 4 11 13 8 14 4
[275] 13 7 0 4 7 14 4
[277] 13 8 0 4 6 14 4
[375] 7 12 0 4 6 14 4
[259] 14 3 2 3 6 14 4
[239] 13 3 2 3 6 14 4
[39] 3 13 2 3 6 14 4
[250] 4 13 11 8 9 14 4
[250] 4 11 13 8 9 14 4
[250] 5 0 4 14 3 13 4
[458] 4 0 14 4 2 12 4
[250] 5 1 3 2 4 12 4
[250] 13 6 13 2 4 12 4
[250] 5 2 3 1 4 12 4
[277] 8 0 13 1 4 12 4
[275] 7 0 13 1 4 12 4
[250] 12 2 14 0 4 12 4
[250] 13 8 13 0 4 12 4
[374] 6 13 0 14 4 12 4
[77] 8 14 0 13 4 12 4
[415] 7 14 0 13 4 12 4
[313] 6 14 0 13 4 12 4
[439] 3 2 5 13 4 12 4
[374] 8 2 7 12 4 12 4
[259] 14 3 2 13 3 12 4
[239] 13 3 2 13 3 12 4
[39] 3 13 2 13 3 12 4
[458] 5 14 7 14 0 13 3
[271] 5 1 13 0 4 13 3
[250] 14 5 13 2 3 13 3
[478] 5 14 7 0 8 12 3
[458] 5 14 6 2 7 12 3
[478] 5 13 2 12 7 12 3
[478] 9 6 14 0 13 8 11
[458] 9 7 0 8 13 8 11
[458] 9 6 13 2 12 8 11
[478] 9 6 13 6 2 7 11
[374] 6 9 7 0 11 7 11
[415] 9 1 7 2 10 7 11
[439] 10 1 8 2 11 2 10
[59] 11 2 11 1 6 1 10
[439] 10 0 9 0 6 1 10
[439] 10 2 8 2 11 1 10
[374] 6 9 7 0 14 1 10
[458] 10 6 2 10 8 0 10
[439] 10 1 9 0 6 0 10
[239] 1 10 8 2 11 0 10
[59] 0 10 8 2 11 0 10
[374] 10 7 3 12 6 5 10
[374] 10 3 7 12 6 5 10
[478] 10 2 6 10 0 8 10
[59] 11 7 0 7 11 8 10
[99] 7 11 0 7 11 8 10
[379] 6 11 0 7 11 8 10
[374] 7 12 7 2 10 8 10
[374] 8 0 6 2 10 8 10
[411] 13 2 7 1 10 8 10
[409] 12 2 7 1 10 8 10
[374] 9 0 11 1 10 8 10
[374] 7 14 7 0 10 8 10
[374] 9 1 11 0 10 8 10
[250] 12 0 13 8 10 8 10
[313] 14 6 2 7 10 8 10
[271] 13 6 2 7 10 8 10
[189] 12 6 2 7 10 8 10
[439] 11 0 9 7 10 8 10
[250] 14 7 2 6 10 8 10
[374] 9 2 10 6 11 7 10
[374] 10 7 3 12 5 6 10
[374] 10 3 7 12 5 6 10
[259] 14 11 7 0 11 6 10
[239] 13 11 7 0 11 6 10
[259] 11 14 7 0 11 6 10
[239] 11 13 7 0 11 6 10
[39] 1 11 6 0 11 6 10
[99] 0 11 6 0 11 6 10
[99] 8 1 11 0 11 6 10
[379] 7 1 11 0 11 6 10
[259] 13 1 11 0 11 6 10
[239] 12 1 11 0 11 6 10
[374] 9 2 10 7 11 6 10
[59] 11 7 0 14 11 6 10
[99] 7 11 0 14 11 6 10
[379] 6 11 0 14 11 6 10
[39] 1 11 0 12 11 6 10
[99] 0 11 0 12 11 6 10
[239] 4 12 4 2 10 6 10
[251] 13 8 2 14 10 6 10
[409] 7 12 2 14 10 6 10
[411] 7 13 2 13 10 6 10
[374] 8 1 8 12 10 6 10
[99] 11 2 10 1 9 6 10
[277] 13 9 0 12 9 6 10
[277] 9 13 0 12 9 6 10
[59] 11 7 0 11 14 6 10
[99] 7 11 0 11 14 6 10
[379] 6 11 0 11 14 6 10
[251] 13 8 2 10 14 6 10
[409] 7 12 2 10 14 6 10
[411] 7 13 2 10 13 6 10
[374] 5 10 7 3 12 6 10
[374] 5 10 3 7 12 6 10
[39] 1 11 0 11 12 6 10
[99] 0 11 0 11 12 6 10
[374] 8 1 8 10 12 6 10
[277] 13 9 0 9 12 6 10
[277] 9 13 0 9 12 6 10
[478] 11 5 0 10 3 2 9
[275] 13 0 13 11 7 2 9
[277] 14 6 12 11 7 2 9
[415] 9 1 13 10 7 2 9
[375] 9 0 12 10 7 2 9
[275] 13 11 0 13 7 2 9
[275] 11 13 0 13 7 2 9
[275] 13 0 11 13 7 2 9
[415] 9 1 10 13 7 2 9
[277] 14 6 11 12 7 2 9
[375] 9 0 10 12 7 2 9
[275] 12 11 6 2 6 2 9
[275] 11 12 6 2 6 2 9
[77] 1 7 11 2 6 2 9
[277] 12 7 11 2 6 2 9
[275] 12 6 11 2 6 2 9
[409] 6 13 11 2 6 2 9
[409] 6 11 13 2 6 2 9
[189] 11 0 13 1 6 2 9
[189] 11 1 13 0 6 2 9
[77] 1 7 2 11 6 2 9
[277] 12 7 2 11 6 2 9
[275] 12 6 2 11 6 2 9
[409] 6 13 2 11 6 2 9
[77] 2 7 1 11 6 2 9
[189] 0 13 1 11 6 2 9
[277] 14 7 0 11 6 2 9
[411] 8 14 0 11 6 2 9
[189] 1 13 0 11 6 2 9
[409] 8 13 0 11 6 2 9
[411] 8 11 6 14 6 2 9
[250] 12 1 12 2 11 2 9
[239] 3 0 5 0 11 2 9
[77] 3 1 8 5 11 2 9
[479] 3 1 14 5 11 2 9
[239] 3 1 12 5 11 2 9
[77] 8 4 13 4 11 2 9
[415] 7 4 13 4 11 2 9
[313] 6 4 13 4 11 2 9
[77] 4 8 13 4 11 2 9
[415] 4 7 13 4 11 2 9
[313] 4 6 13 4 11 2 9
[251] 14 7 2 8 11 2 9
[411] 14 7 1 8 11 2 9
[409] 13 7 1 8 11 2 9
[77] 0 14 0 8 11 2 9
[77] 3 1 5 8 11 2 9
[277] 13 6 2 7 11 2 9
[277] 14 6 1 7 11 2 9
[313] 10 8 10 7 11 2 9
[439] 10 6 10 7 11 2 9
[275] 13 6 2 6 11 2 9
[275] 14 6 1 6 11 2 9
[411] 7 1 14 6 11 2 9
[409] 7 1 13 6 11 2 9
[251] 12 0 13 6 11 2 9
[77] 8 1 9 1 10 2 9
[415] 7 1 9 1 10 2 9
[313] 6 1 9 1 10 2 9
[99] 9 6 9 8 10 2 9
[39] 11 7 11 8 9 2 9
[99] 11 6 11 8 9 2 9
[239] 2 8 10 8 9 2 9
[59] 1 8 10 8 9 2 9
[39] 1 12 10 8 9 2 9
[99] 0 12 10 8 9 2 9
[275] 10 8 14 8 9 2 9
[39] 1 10 12 8 9 2 9
[99] 0 10 12 8 9 2 9
[277] 14 6 10 7 9 2 9
[375] 9 0 9 7 9 2 9
[77] 1 8 0 11 8 1 9
[277] 12 8 0 11 8 1 9
[275] 12 7 0 11 8 1 9
[277] 8 12 0 11 8 1 9
[275] 7 12 0 11 8 1 9
[479] 3 2 5 11 8 1 9
[250] 13 10 7 9 8 1 9
[250] 10 13 7 9 8 1 9
[250] 12 11 1 12 8 1 9
[250] 11 12 1 12 8 1 9
[275] 13 11 7 0 7 1 9
[275] 11 13 7 0 7 1 9
[250] 13 2 11 0 7 1 9
[275] 14 7 11 0 7 1 9
[77] 2 8 0 11 7 1 9
[374] 6 14 6 11 7 1 9
[458] 11 2 13 2 6 1 9
[277] 13 8 11 0 6 1 9
[375] 7 12 11 0 6 1 9
[375] 7 11 12 0 6 1 9
[277] 13 8 0 11 6 1 9
[375] 7 12 0 11 6 1 9
[259] 11 0 8 14 6 1 9
[99] 10 8 10 0 11 1 9
[250] 12 1 12 8 11 1 9
[275] 13 7 0 7 11 1 9
[277] 13 8 0 6 11 1 9
[375] 7 12 0 6 11 1 9
[415] 10 7 11 0 10 1 9
[415] 11 7 10 0 10 1 9
[277] 14 8 9 0 10 1 9
[374] 9 2 10 6 14 1 9
[99] 10 8 10 1 11 0 9
[77] 0 8 1 13 11 0 9
[77] 8 12 1 13 11 0 9
[415] 7 12 1 13 11 0 9
[313] 6 12 1 13 11 0 9
[250] 13 8 0 13 11 0 9
[77] 8 13 1 12 11 0 9
[415] 7 13 1 12 11 0 9
[313] 6 13 1 12 11 0 9
[415] 10 7 11 1 10 0 9
[415] 11 7 10 1 10 0 9
[277] 14 8 9 1 10 0 9
[478] 11 2 13 6 14 0 9
[77] 0 8 11 1 13 0 9
[77] 8 12 11 1 13 0 9
[415] 7 12 11 1 13 0 9
[313] 6 12 11 1 13 0 9
[313] 11 6 12 1 13 0 9
[77] 8 11 12 1 13 0 9
[415] 7 11 12 1 13 0 9
[313] 6 11 12 1 13 0 9
[478] 11 1 8 0 13 0 9
[250] 13 11 8 0 13 0 9
[250] 11 13 8 0 13 0 9
[250] 13 8 11 0 13 0 9
[458] 11 2 12 8 13 0 9
[77] 8 1 11 7 13 0 9
[415] 7 1 11 7 13 0 9
[313] 6 1 11 7 13 0 9
[77] 0 8 1 11 13 0 9
[77] 8 12 1 11 13 0 9
[415] 7 12 1 11 13 0 9
[313] 6 12 1 11 13 0 9
[250] 13 8 0 11 13 0 9
[77] 8 13 11 1 12 0 9
[415] 7 13 11 1 12 0 9
[313] 6 13 11 1 12 0 9
[313] 11 6 13 1 12 0 9
[77] 8 11 13 1 12 0 9
[415] 7 11 13 1 12 0 9
[313] 6 11 13 1 12 0 9
[77] 8 13 1 11 12 0 9
[415] 7 13 1 11 12 0 9
[313] 6 13 1 11 12 0 9
[478] 11 3 13 6 14 5 9
[458] 11 3 12 8 13 5 9
[439] 11 5 2 5 11 4 9
[59] 10 8 9 5 2 3 9
[458] 11 0 5 10 2 3 9
[439] 11 4 9 3 0 3 9
[189] 0 11 5 10 0 3 9
[59] 11 6 2 5 11 3 9
[239] 1 11 2 5 11 3 9
[59] 0 11 2 5 11 3 9
