[502]
[450] 5
[432] 4
[440] 3
[406] 11
[70] 10
[454] 9
[404] 11 5
[64] 10 5
[386] 9 5
[435] 2 4
[436] 1 4
[439] 0 4
[336] 11 4
[0] 10 4
[384] 9 4
[344] 11 3
[56] 10 3
[392] 9 3
[438] 14 3
[444] 13 3
[442] 12 3
[402] 5 11
[336] 4 11
[344] 3 11
[358] 8 11
[310] 7 11
[118] 6 11
[142] 2 10
[166] 1 10
[46] 0 10
[66] 5 10
[0] 4 10
[56] 3 10
[18] 5 9
[144] 4 9
[488] 3 9
[356] 8 11 5
[308] 7 11 5
[116] 6 11 5
[136] 2 10 5
[160] 1 10 5
[40] 0 10 5
[62] 8 10 5
[60] 7 10 5
[52] 6 10 5
[389] 2 9 5
[390] 1 9 5
[385] 0 9 5
[2] 5 9 5
[146] 4 9 5
[482] 3 9 5
[403] 11 2 4
[69] 10 2 4
[401] 9 2 4
[448] 8 1 4
[446] 7 1 4
[340] 11 1 4
[52] 10 1 4
[388] 9 1 4
[343] 11 0 4
[55] 10 0 4
[391] 9 0 4
[445] 14 0 4
[443] 13 0 4
[441] 12 0 4
[339] 2 11 4
[340] 1 11 4
[343] 0 11 4
[288] 8 11 4
[240] 7 11 4
[48] 6 11 4
[75] 2 10 4
[100] 1 10 4
[31] 0 10 4
[387] 2 9 4
[388] 1 9 4
[391] 0 9 4
[8] 5 9 4
[214] 4 9 4
[498] 3 9 4
[296] 8 11 3
[248] 7 11 3
[104] 6 11 3
[342] 14 11 3
[348] 13 11 3
[346] 12 11 3
[128] 2 10 3
[152] 1 10 3
[32] 0 10 3
[54] 14 10 3
[60] 13 10 3
[58] 12 10 3
[22] 5 9 3
[210] 4 9 3
[480] 3 9 3
[390] 14 9 3
[396] 13 9 3
[394] 12 9 3
[433] 2 14 3
[434] 1 14 3
[437] 0 14 3
[342] 11 14 3
[54] 10 14 3
[390] 9 14 3
[448] 7 13 3
[446] 6 13 3
[348] 11 13 3
[60] 10 13 3
[396] 9 13 3
[346] 11 12 3
[58] 10 12 3
[394] 9 12 3
[354] 8 5 11
[306] 7 5 11
[114] 6 5 11
[68] 11 5 11
[400] 10 5 11
[434] 9 5 11
[339] 2 4 11
[340] 1 4 11
[343] 0 4 11
[288] 8 4 11
[240] 7 4 11
[48] 6 4 11
[296] 8 3 11
[248] 7 3 11
[104] 6 3 11
[342] 14 3 11
[348] 13 3 11
[346] 12 3 11
[354] 5 8 11
[288] 4 8 11
[296] 3 8 11
[306] 5 7 11
[240] 4 7 11
[248] 3 7 11
[262] 14 7 11
[214] 13 7 11
[190] 2 6 11
[22] 1 6 11
[94] 0 6 11
[114] 5 6 11
[48] 4 6 11
[104] 3 6 11
[138] 5 2 10
[72] 4 2 10
[128] 3 2 10
[430] 8 2 10
[382] 7 2 10
[334] 6 2 10
[162] 5 1 10
[96] 4 1 10
[152] 3 1 10
[262] 13 1 10
[214] 12 1 10
[234] 5 0 10
[504] 4 0 10
[416] 3 0 10
[138] 2 5 10
[162] 1 5 10
[42] 0 5 10
[452] 11 5 10
[448] 10 5 10
[338] 9 5 10
[75] 2 4 10
[100] 1 4 10
[31] 0 4 10
[128] 2 3 10
[152] 1 3 10
[32] 0 3 10
[54] 14 3 10
[60] 13 3 10
[58] 12 3 10
[90] 2 5 9
[114] 1 5 9
[186] 0 5 9
[20] 11 5 9
[16] 10 5 9
[2] 9 5 9
[147] 2 4 9
[148] 1 4 9
[151] 0 4 9
[96] 14 4 9
[240] 13 4 9
[192] 12 4 9
[486] 14 3 9
[492] 13 3 9
[490] 12 3 9
[352] 11 8 11 5
[290] 10 8 11 5
[304] 11 7 11 5
[242] 10 7 11 5
[260] 14 7 11 5
[212] 13 7 11 5
[164] 12 7 11 5
[188] 2 6 11 5
[92] 0 6 11 5
[112] 11 6 11 5
[50] 10 6 11 5
[374] 8 2 10 5
[324] 7 2 10 5
[268] 6 2 10 5
[74] 11 2 10 5
[140] 9 2 10 5
[158] 8 1 10 5
[156] 7 1 10 5
[98] 11 1 10 5
[164] 9 1 10 5
[304] 14 1 10 5
[256] 13 1 10 5
[208] 12 1 10 5
[232] 5 0 10 5
[520] 4 0 10 5
[424] 3 0 10 5
[38] 8 0 10 5
[36] 7 0 10 5
[28] 6 0 10 5
[26] 11 0 10 5
[44] 9 0 10 5
[134] 2 8 10 5
[158] 1 8 10 5
[38] 0 8 10 5
[398] 11 8 10 5
[350] 9 8 10 5
[132] 2 7 10 5
[156] 1 7 10 5
[36] 0 7 10 5
[127] 2 6 10 5
[27] 0 6 10 5
[5] 5 2 9 5
[149] 4 2 9 5
[485] 3 2 9 5
[399] 7 2 9 5
[397] 6 2 9 5
[341] 10 2 9 5
[53] 9 2 9 5
[6] 5 1 9 5
[150] 4 1 9 5
[9] 5 0 9 5
[215] 4 0 9 5
[499] 3 0 9 5
[337] 10 0 9 5
[1] 9 0 9 5
[77] 2 5 9 5
[102] 1 5 9 5
[121] 0 5 9 5
[149] 2 4 9 5
[150] 1 4 9 5
[145] 0 4 9 5
[212] 10 4 9 5
[208] 9 4 9 5
[98] 14 4 9 5
[242] 13 4 9 5
[194] 12 4 9 5
[485] 2 3 9 5
[481] 0 3 9 5
[500] 10 3 9 5
[496] 9 3 9 5
[337] 5 11 2 4
[345] 4 11 2 4
[407] 3 11 2 4
[355] 8 11 2 4
[307] 7 11 2 4
[115] 6 11 2 4
[141] 2 10 2 4
[165] 1 10 2 4
[45] 0 10 2 4
[17] 5 9 2 4
[209] 4 9 2 4
[497] 3 9 2 4
[399] 8 9 2 4
[397] 7 9 2 4
[350] 11 7 1 4
[398] 9 7 1 4
[352] 8 11 1 4
[302] 7 11 1 4
[108] 6 11 1 4
[127] 2 10 1 4
[27] 0 10 1 4
[4] 5 9 1 4
[484] 3 9 1 4
[398] 7 9 1 4
[295] 8 11 0 4
[247] 7 11 0 4
[103] 6 11 0 4
[349] 14 11 0 4
[347] 13 11 0 4
[345] 12 11 0 4
[99] 1 10 0 4
[28] 0 10 0 4
[61] 14 10 0 4
[59] 13 10 0 4
[57] 12 10 0 4
[7] 5 9 0 4
[487] 3 9 0 4
[397] 14 9 0 4
[395] 13 9 0 4
[393] 12 9 0 4
[449] 7 14 0 4
[447] 6 14 0 4
[349] 11 14 0 4
[61] 10 14 0 4
[397] 9 14 0 4
[347] 11 13 0 4
[59] 10 13 0 4
[395] 9 13 0 4
[503] 5 12 0 4
[451] 4 12 0 4
[345] 11 12 0 4
[57] 10 12 0 4
[393] 9 12 0 4
[291] 8 2 11 4
[243] 7 2 11 4
[51] 6 2 11 4
[67] 11 2 11 4
[453] 10 2 11 4
[449] 9 2 11 4
[352] 8 1 11 4
[302] 7 1 11 4
[108] 6 1 11 4
[295] 8 0 11 4
[247] 7 0 11 4
[103] 6 0 11 4
[349] 14 0 11 4
[347] 13 0 11 4
[345] 12 0 11 4
[291] 2 8 11 4
[292] 1 8 11 4
[295] 0 8 11 4
[243] 2 7 11 4
[244] 1 7 11 4
[247] 0 7 11 4
[123] 2 6 11 4
[4] 1 6 11 4
[79] 0 6 11 4
[363] 8 2 10 4
[315] 7 2 10 4
[267] 6 2 10 4
[139] 11 2 10 4
[141] 10 2 10 4
[137] 9 2 10 4
[158] 7 1 10 4
[156] 6 1 10 4
[244] 14 1 10 4
[196] 13 1 10 4
[175] 5 0 10 4
[511] 4 0 10 4
[415] 3 0 10 4
[37] 14 0 10 4
[35] 13 0 10 4
[33] 12 0 10 4
[3] 5 2 9 4
[483] 3 2 9 4
[451] 11 2 9 4
[405] 10 2 9 4
[65] 9 2 9 4
[4] 5 1 9 4
[484] 3 1 9 4
[398] 7 1 9 4
[7] 5 0 9 4
[487] 3 0 9 4
[397] 14 0 9 4
[395] 13 0 9 4
[393] 12 0 9 4
[80] 2 5 9 4
[176] 0 5 9 4
[6] 14 5 9 4
[12] 13 5 9 4
[10] 12 5 9 4
[500] 11 3 9 4
[496] 10 3 9 4
[294] 14 8 11 3
[300] 13 8 11 3
[298] 12 8 11 3
[198] 14 7 11 3
[204] 13 7 11 3
[154] 12 7 11 3
[176] 2 6 11 3
[80] 0 6 11 3
[102] 14 6 11 3
[108] 13 6 11 3
[106] 12 6 11 3
[337] 2 14 11 3
[341] 0 14 11 3
[294] 8 14 11 3
[246] 7 14 11 3
[102] 6 14 11 3
[292] 8 13 11 3
[304] 7 13 11 3
[110] 6 13 11 3
[298] 8 12 11 3
[250] 7 12 11 3
[106] 6 12 11 3
[368] 8 2 10 3
[320] 7 2 10 3
[272] 6 2 10 3
[126] 14 2 10 3
[132] 13 2 10 3
[130] 12 2 10 3
[246] 14 1 10 3
[252] 13 1 10 3
[202] 12 1 10 3
[238] 5 0 10 3
[522] 4 0 10 3
[408] 3 0 10 3
[30] 14 0 10 3
[36] 13 0 10 3
[34] 12 0 10 3
[73] 2 14 10 3
[98] 1 14 10 3
[29] 0 14 10 3
[132] 2 13 10 3
[156] 1 13 10 3
[36] 0 13 10 3
[130] 2 12 10 3
[154] 1 12 10 3
[34] 0 12 10 3
[212] 11 4 9 3
[208] 10 4 9 3
[258] 12 4 9 3
[483] 2 3 9 3
[484] 1 3 9 3
[487] 0 3 9 3
[6] 5 14 9 3
[150] 4 14 9 3
[12] 5 13 9 3
[204] 4 13 9 3
[398] 6 13 9 3
[10] 5 12 9 3
[202] 4 12 9 3
[503] 4 2 14 3
[451] 3 2 14 3
[337] 11 2 14 3
[1] 10 2 14 3
[449] 8 0 14 3
[447] 7 0 14 3
[341] 11 0 14 3
[53] 10 0 14 3
[337] 2 11 14 3
[341] 0 11 14 3
[294] 8 11 14 3
[246] 7 11 14 3
[102] 6 11 14 3
[73] 2 10 14 3
[98] 1 10 14 3
[29] 0 10 14 3
[6] 5 9 14 3
[150] 4 9 14 3
[350] 11 6 13 3
[398] 9 6 13 3
[292] 8 11 13 3
[304] 7 11 13 3
[110] 6 11 13 3
[132] 2 10 13 3
[156] 1 10 13 3
[36] 0 10 13 3
[12] 5 9 13 3
[204] 4 9 13 3
[398] 6 9 13 3
[298] 8 11 12 3
[250] 7 11 12 3
[106] 6 11 12 3
[130] 2 10 12 3
[154] 1 10 12 3
[34] 0 10 12 3
[10] 5 9 12 3
[202] 4 9 12 3
[352] 10 8 5 11
[290] 9 8 5 11
[304] 10 7 5 11
[242] 9 7 5 11
[258] 14 7 5 11
[112] 10 6 5 11
[50] 9 6 5 11
[140] 2 11 5 11
[164] 1 11 5 11
[44] 0 11 5 11
[208] 4 10 5 11
[496] 3 10 5 11
[398] 8 10 5 11
[291] 8 2 4 11
[243] 7 2 4 11
[51] 6 2 4 11
[67] 11 2 4 11
[453] 10 2 4 11
[449] 9 2 4 11
[352] 8 1 4 11
[302] 7 1 4 11
[108] 6 1 4 11
[295] 8 0 4 11
[247] 7 0 4 11
[103] 6 0 4 11
[349] 14 0 4 11
[347] 13 0 4 11
[345] 12 0 4 11
[291] 2 8 4 11
[292] 1 8 4 11
[295] 0 8 4 11
[243] 2 7 4 11
[244] 1 7 4 11
[247] 0 7 4 11
[123] 2 6 4 11
[4] 1 6 4 11
[79] 0 6 4 11
[294] 14 8 3 11
[300] 13 8 3 11
[298] 12 8 3 11
[198] 14 7 3 11
[204] 13 7 3 11
[154] 12 7 3 11
[176] 2 6 3 11
[80] 0 6 3 11
[102] 14 6 3 11
[108] 13 6 3 11
[106] 12 6 3 11
[337] 2 14 3 11
[341] 0 14 3 11
[294] 8 14 3 11
[246] 7 14 3 11
[102] 6 14 3 11
[292] 8 13 3 11
[304] 7 13 3 11
[110] 6 13 3 11
[298] 8 12 3 11
[250] 7 12 3 11
[106] 6 12 3 11
[352] 10 5 8 11
[290] 9 5 8 11
[291] 2 4 8 11
[292] 1 4 8 11
[295] 0 4 8 11
[294] 14 3 8 11
[300] 13 3 8 11
[298] 12 3 8 11
[304] 10 5 7 11
[242] 9 5 7 11
[258] 14 5 7 11
[243] 2 4 7 11
[244] 1 4 7 11
[247] 0 4 7 11
[198] 14 3 7 11
[204] 13 3 7 11
[154] 12 3 7 11
[258] 5 14 7 11
[200] 3 14 7 11
[120] 4 2 6 11
[176] 3 2 6 11
[286] 13 2 6 11
[238] 12 2 6 11
[24] 4 0 6 11
[80] 3 0 6 11
[478] 11 0 6 11
[526] 10 0 6 11
[112] 10 5 6 11
[50] 9 5 6 11
[123] 2 4 6 11
[4] 1 4 6 11
[79] 0 4 6 11
[176] 2 3 6 11
[80] 0 3 6 11
[102] 14 3 6 11
[108] 13 3 6 11
[106] 12 3 6 11
[426] 8 5 2 10
[378] 7 5 2 10
[330] 6 5 2 10
[140] 11 5 2 10
[74] 9 5 2 10
[99] 2 4 2 10
[28] 1 4 2 10
[360] 8 4 2 10
[312] 7 4 2 10
[264] 6 4 2 10
[368] 8 3 2 10
[320] 7 3 2 10
[272] 6 3 2 10
[126] 14 3 2 10
[132] 13 3 2 10
[130] 12 3 2 10
[426] 5 8 2 10
[360] 4 8 2 10
[368] 3 8 2 10
[478] 10 8 2 10
[526] 9 8 2 10
[378] 5 7 2 10
[312] 4 7 2 10
[320] 3 7 2 10
[330] 5 6 2 10
[264] 4 6 2 10
[272] 3 6 2 10
[286] 14 6 2 10
[238] 13 6 2 10
[164] 11 5 1 10
[98] 9 5 1 10
[258] 13 5 1 10
[27] 2 4 1 10
[127] 0 4 1 10
[246] 14 3 1 10
[252] 13 3 1 10
[202] 12 3 1 10
[258] 5 13 1 10
[200] 3 13 1 10
[236] 11 5 0 10
[232] 10 5 0 10
[170] 9 5 0 10
[330] 13 5 0 10
[282] 12 5 0 10
[507] 2 4 0 10
[508] 1 4 0 10
[511] 0 4 0 10
[464] 11 3 0 10
[368] 10 3 0 10
[80] 9 3 0 10
[414] 14 3 0 10
[420] 13 3 0 10
[418] 12 3 0 10
[426] 8 2 5 10
[378] 7 2 5 10
[330] 6 2 5 10
[140] 11 2 5 10
[74] 9 2 5 10
[164] 11 1 5 10
[98] 9 1 5 10
[258] 13 1 5 10
[168] 5 0 5 10
[512] 4 0 5 10
[478] 3 0 5 10
[44] 11 0 5 10
[26] 9 0 5 10
[212] 4 11 5 10
[500] 3 11 5 10
[341] 2 9 5 10
[337] 0 9 5 10
[290] 8 9 5 10
[242] 7 9 5 10
[50] 6 9 5 10
[363] 8 2 4 10
[315] 7 2 4 10
[267] 6 2 4 10
[139] 11 2 4 10
[141] 10 2 4 10
[137] 9 2 4 10
[158] 7 1 4 10
[156] 6 1 4 10
[244] 14 1 4 10
[196] 13 1 4 10
[175] 5 0 4 10
[511] 4 0 4 10
[415] 3 0 4 10
[37] 14 0 4 10
[35] 13 0 4 10
[33] 12 0 4 10
[368] 8 2 3 10
[320] 7 2 3 10
[272] 6 2 3 10
[126] 14 2 3 10
[132] 13 2 3 10
[130] 12 2 3 10
[246] 14 1 3 10
[252] 13 1 3 10
[202] 12 1 3 10
[238] 5 0 3 10
[522] 4 0 3 10
[408] 3 0 3 10
[30] 14 0 3 10
[36] 13 0 3 10
[34] 12 0 3 10
[73] 2 14 3 10
[98] 1 14 3 10
[29] 0 14 3 10
[132] 2 13 3 10
[156] 1 13 3 10
[36] 0 13 3 10
[130] 2 12 3 10
[154] 1 12 3 10
[34] 0 12 3 10
[24] 5 2 5 9
[80] 4 2 5 9
[476] 11 2 5 9
[472] 10 2 5 9
[362] 9 2 5 9
[112] 10 1 5 9
[50] 9 1 5 9
[120] 5 0 5 9
[176] 4 0 5 9
[188] 11 0 5 9
[184] 10 0 5 9
[122] 9 0 5 9
[330] 14 0 5 9
[282] 13 0 5 9
[92] 2 11 5 9
[188] 0 11 5 9
[212] 5 11 5 9
[500] 4 11 5 9
[88] 2 10 5 9
[112] 1 10 5 9
[184] 0 10 5 9
[208] 5 10 5 9
[496] 4 10 5 9
[14] 8 10 5 9
[12] 7 10 5 9
[4] 6 10 5 9
[77] 2 9 5 9
[102] 1 9 5 9
[121] 0 9 5 9
[483] 5 2 4 9
[3] 3 2 4 9
[211] 11 2 4 9
[213] 10 2 4 9
[209] 9 2 4 9
[99] 14 2 4 9
[243] 13 2 4 9
[195] 12 2 4 9
[484] 5 1 4 9
[4] 3 1 4 9
[208] 8 1 4 9
[206] 7 1 4 9
[204] 6 1 4 9
[244] 13 1 4 9
[196] 12 1 4 9
[487] 5 0 4 9
[7] 3 0 4 9
[157] 14 0 4 9
[251] 13 0 4 9
[201] 12 0 4 9
[27] 2 14 4 9
[127] 0 14 4 9
[243] 2 13 4 9
[244] 1 13 4 9
[247] 0 13 4 9
[195] 2 12 4 9
[196] 1 12 4 9
[199] 0 12 4 9
[200] 5 12 4 9
[258] 3 12 4 9
[481] 2 14 3 9
[485] 0 14 3 9
[6] 4 14 3 9
[150] 3 14 3 9
[12] 4 13 3 9
[204] 3 13 3 9
[484] 8 13 3 9
[496] 7 13 3 9
[494] 6 13 3 9
[10] 4 12 3 9
[202] 3 12 3 9
[293] 2 10 8 11 5
[289] 0 10 8 11 5
[245] 2 10 7 11 5
[241] 0 10 7 11 5
[332] 14 2 6 11 5
[284] 13 2 6 11 5
[458] 10 0 6 11 5
[125] 2 10 6 11 5
[25] 0 10 6 11 5
[86] 11 8 2 10 5
[422] 10 8 2 10 5
[470] 9 8 2 10 5
[322] 14 7 2 10 5
[318] 12 7 2 10 5
[271] 2 6 2 10 5
[220] 14 6 2 10 5
[172] 13 6 2 10 5
[124] 12 6 2 10 5
[101] 2 11 2 10 5
[314] 7 11 2 10 5
[266] 6 11 2 10 5
[428] 8 9 2 10 5
[380] 7 9 2 10 5
[332] 6 9 2 10 5
[254] 13 8 1 10 5
[254] 8 13 1 10 5
[230] 8 5 0 10 5
[228] 7 5 0 10 5
[172] 6 5 0 10 5
[328] 13 5 0 10 5
[280] 12 5 0 10 5
[518] 8 4 0 10 5
[516] 7 4 0 10 5
[506] 11 4 0 10 5
[524] 9 4 0 10 5
[422] 8 3 0 10 5
[412] 6 3 0 10 5
[458] 11 3 0 10 5
[230] 5 8 0 10 5
[518] 4 8 0 10 5
[422] 3 8 0 10 5
[228] 5 7 0 10 5
[516] 4 7 0 10 5
[172] 5 6 0 10 5
[412] 3 6 0 10 5
[97] 0 11 0 10 5
[506] 4 11 0 10 5
[410] 3 11 0 10 5
[524] 4 9 0 10 5
[372] 8 2 8 10 5
[316] 7 2 8 10 5
[328] 6 2 8 10 5
[254] 13 1 8 10 5
[230] 5 0 8 10 5
[518] 4 0 8 10 5
[422] 3 0 8 10 5
[364] 8 2 7 10 5
[376] 7 2 7 10 5
[326] 6 2 7 10 5
[228] 5 0 7 10 5
[516] 4 0 7 10 5
[367] 8 2 6 10 5
[319] 7 2 6 10 5
[271] 6 2 6 10 5
[133] 14 2 6 10 5
[131] 13 2 6 10 5
[129] 12 2 6 10 5
[171] 5 0 6 10 5
[411] 3 0 6 10 5
[43] 11 0 6 10 5
[41] 9 0 6 10 5
[78] 2 5 2 9 5
[49] 1 5 2 9 5
[15] 7 5 2 9 5
[13] 6 5 2 9 5
[207] 7 4 2 9 5
[205] 6 4 2 9 5
[101] 14 4 2 9 5
[245] 13 4 2 9 5
[197] 12 4 2 9 5
[495] 7 3 2 9 5
[493] 6 3 2 9 5
[15] 5 7 2 9 5
[207] 4 7 2 9 5
[495] 3 7 2 9 5
[351] 10 7 2 9 5
[63] 9 7 2 9 5
[13] 5 6 2 9 5
[205] 4 6 2 9 5
[493] 3 6 2 9 5
[353] 8 10 2 9 5
[303] 7 10 2 9 5
[109] 6 10 2 9 5
[97] 1 9 2 9 5
[63] 7 9 2 9 5
[25] 2 5 1 9 5
[125] 0 5 1 9 5
[81] 2 5 0 9 5
[105] 1 5 0 9 5
[177] 0 5 0 9 5
[13] 13 5 0 9 5
[11] 12 5 0 9 5
[167] 14 4 0 9 5
[311] 13 4 0 9 5
[263] 12 4 0 9 5
[501] 11 3 0 9 5
[289] 8 10 0 9 5
[241] 7 10 0 9 5
[49] 6 10 0 9 5
[101] 1 9 0 9 5
[71] 4 9 0 9 5
[89] 8 2 5 9 5
[87] 7 2 5 9 5
[85] 6 2 5 9 5
[413] 11 2 5 9 5
[461] 10 2 5 9 5
[365] 9 2 5 9 5
[177] 5 0 5 9 5
[191] 4 0 5 9 5
[187] 3 0 5 9 5
[265] 14 0 5 9 5
[217] 13 0 5 9 5
[169] 12 0 5 9 5
[207] 7 2 4 9 5
[205] 6 2 4 9 5
[101] 14 2 4 9 5
[245] 13 2 4 9 5
[197] 12 2 4 9 5
[489] 5 0 4 9 5
[455] 4 0 4 9 5
[19] 3 0 4 9 5
[97] 14 0 4 9 5
[241] 13 0 4 9 5
[193] 12 0 4 9 5
[245] 2 13 4 9 5
[241] 0 13 4 9 5
[197] 2 12 4 9 5
[193] 0 12 4 9 5
[495] 7 2 3 9 5
[493] 6 2 3 9 5
[23] 4 0 3 9 5
[289] 8 5 11 2 4
[241] 7 5 11 2 4
[49] 6 5 11 2 4
[297] 8 4 11 2 4
[249] 7 4 11 2 4
[105] 6 4 11 2 4
[359] 8 3 11 2 4
[311] 7 3 11 2 4
[119] 6 3 11 2 4
[71] 11 3 11 2 4
[455] 10 3 11 2 4
[289] 5 8 11 2 4
[297] 4 8 11 2 4
[359] 3 8 11 2 4
[357] 11 8 11 2 4
[353] 10 8 11 2 4
[241] 5 7 11 2 4
[249] 4 7 11 2 4
[311] 3 7 11 2 4
[309] 11 7 11 2 4
[305] 10 7 11 2 4
[259] 14 7 11 2 4
[163] 12 7 11 2 4
[187] 2 6 11 2 4
[19] 1 6 11 2 4
[91] 0 6 11 2 4
[49] 5 6 11 2 4
[105] 4 6 11 2 4
[119] 3 6 11 2 4
[117] 11 6 11 2 4
[113] 10 6 11 2 4
[429] 8 2 10 2 4
[381] 7 2 10 2 4
[333] 6 2 10 2 4
[161] 11 1 10 2 4
[163] 9 1 10 2 4
[309] 14 1 10 2 4
[261] 13 1 10 2 4
[237] 5 0 10 2 4
[525] 4 0 10 2 4
[477] 3 0 10 2 4
[41] 11 0 10 2 4
[43] 9 0 10 2 4
[89] 2 5 9 2 4
[113] 1 5 9 2 4
[185] 0 5 9 2 4
[15] 8 5 9 2 4
[13] 7 5 9 2 4
[19] 10 5 9 2 4
[21] 9 5 9 2 4
[207] 8 4 9 2 4
[205] 7 4 9 2 4
[161] 14 4 9 2 4
[305] 13 4 9 2 4
[257] 12 4 9 2 4
[495] 8 3 9 2 4
[493] 7 3 9 2 4
[501] 9 3 9 2 4
[15] 5 8 9 2 4
[207] 4 8 9 2 4
[495] 3 8 9 2 4
[351] 10 8 9 2 4
[63] 9 8 9 2 4
[13] 5 7 9 2 4
[205] 4 7 9 2 4
[493] 3 7 9 2 4
[254] 14 7 11 1 4
[180] 2 6 11 1 4
[84] 0 6 11 1 4
[367] 8 2 10 1 4
[319] 7 2 10 1 4
[271] 6 2 10 1 4
[133] 14 2 10 1 4
[131] 13 2 10 1 4
[129] 12 2 10 1 4
[171] 5 0 10 1 4
[411] 3 0 10 1 4
[43] 11 0 10 1 4
[41] 9 0 10 1 4
[301] 14 8 11 0 4
[299] 13 8 11 0 4
[297] 12 8 11 0 4
[253] 14 7 11 0 4
[203] 13 7 11 0 4
[153] 12 7 11 0 4
[76] 0 6 11 0 4
[109] 14 6 11 0 4
[107] 13 6 11 0 4
[105] 12 6 11 0 4
[293] 8 14 11 0 4
[305] 7 14 11 0 4
[111] 6 14 11 0 4
[299] 8 13 11 0 4
[107] 6 13 11 0 4
[297] 8 12 11 0 4
[249] 7 12 11 0 4
[105] 6 12 11 0 4
[163] 11 1 10 0 4
[161] 9 1 10 0 4
[172] 5 0 10 0 4
[412] 3 0 10 0 4
[133] 2 14 10 0 4
[63] 6 14 10 0 4
[131] 2 13 10 0 4
[155] 1 13 10 0 4
[129] 2 12 10 0 4
[153] 1 12 10 0 4
[71] 5 12 10 0 4
[124] 0 5 9 0 4
[13] 14 5 9 0 4
[11] 13 5 9 0 4
[493] 14 3 9 0 4
[491] 13 3 9 0 4
[489] 12 3 9 0 4
[13] 5 14 9 0 4
[205] 4 14 9 0 4
[493] 3 14 9 0 4
[11] 5 13 9 0 4
[203] 4 13 9 0 4
[491] 3 13 9 0 4
[23] 5 12 9 0 4
[351] 11 6 14 0 4
[63] 10 6 14 0 4
[293] 8 11 14 0 4
[305] 7 11 14 0 4
[111] 6 11 14 0 4
[133] 2 10 14 0 4
[63] 6 10 14 0 4
[13] 5 9 14 0 4
[205] 4 9 14 0 4
[493] 3 9 14 0 4
[299] 8 11 13 0 4
[107] 6 11 13 0 4
[131] 2 10 13 0 4
[155] 1 10 13 0 4
[11] 5 9 13 0 4
[203] 4 9 13 0 4
[491] 3 9 13 0 4
[71] 10 5 12 0 4
[455] 9 5 12 0 4
[297] 8 11 12 0 4
[249] 7 11 12 0 4
[105] 6 11 12 0 4
[129] 2 10 12 0 4
[153] 1 10 12 0 4
[71] 5 10 12 0 4
[23] 5 9 12 0 4
[357] 10 8 2 11 4
[353] 9 8 2 11 4
[309] 10 7 2 11 4
[305] 9 7 2 11 4
[124] 2 6 2 11 4
[117] 10 6 2 11 4
[113] 9 6 2 11 4
[163] 1 11 2 11 4
[43] 0 11 2 11 4
[71] 3 11 2 11 4
[21] 5 10 2 11 4
[501] 3 10 2 11 4
[254] 14 7 1 11 4
[180] 2 6 1 11 4
[84] 0 6 1 11 4
[301] 14 8 0 11 4
[299] 13 8 0 11 4
[297] 12 8 0 11 4
[253] 14 7 0 11 4
[203] 13 7 0 11 4
[153] 12 7 0 11 4
[76] 0 6 0 11 4
[109] 14 6 0 11 4
[107] 13 6 0 11 4
[105] 12 6 0 11 4
[293] 8 14 0 11 4
[305] 7 14 0 11 4
[111] 6 14 0 11 4
[299] 8 13 0 11 4
[107] 6 13 0 11 4
[297] 8 12 0 11 4
[249] 7 12 0 11 4
[105] 6 12 0 11 4
[357] 10 2 8 11 4
[353] 9 2 8 11 4
[301] 14 0 8 11 4
[299] 13 0 8 11 4
[297] 12 0 8 11 4
[309] 10 2 7 11 4
[305] 9 2 7 11 4
[253] 14 0 7 11 4
[203] 13 0 7 11 4
[153] 12 0 7 11 4
[187] 11 2 6 11 4
[189] 10 2 6 11 4
[185] 9 2 6 11 4
[219] 13 2 6 11 4
[171] 12 2 6 11 4
[463] 10 0 6 11 4
[367] 9 0 6 11 4
[85] 14 0 6 11 4
[83] 13 0 6 11 4
[81] 12 0 6 11 4
[364] 2 8 2 10 4
[367] 1 8 2 10 4
[91] 11 8 2 10 4
[477] 10 8 2 10 4
[473] 9 8 2 10 4
[316] 2 7 2 10 4
[319] 1 7 2 10 4
[379] 11 7 2 10 4
[381] 10 7 2 10 4
[377] 9 7 2 10 4
[271] 1 6 2 10 4
[331] 11 6 2 10 4
[333] 10 6 2 10 4
[329] 9 6 2 10 4
[219] 14 6 2 10 4
[171] 13 6 2 10 4
[163] 2 11 2 10 4
[43] 1 11 2 10 4
[129] 4 11 2 10 4
[143] 3 11 2 10 4
[427] 8 11 2 10 4
[379] 7 11 2 10 4
[331] 6 11 2 10 4
[429] 8 10 2 10 4
[381] 7 10 2 10 4
[333] 6 10 2 10 4
[161] 2 9 2 10 4
[41] 1 9 2 10 4
[375] 8 9 2 10 4
[325] 7 9 2 10 4
[269] 6 9 2 10 4
[254] 13 7 1 10 4
[254] 7 13 1 10 4
[171] 1 5 0 10 4
[172] 0 5 0 10 4
[181] 14 5 0 10 4
[275] 13 5 0 10 4
[225] 12 5 0 10 4
[517] 14 4 0 10 4
[515] 13 4 0 10 4
[513] 12 4 0 10 4
[411] 1 3 0 10 4
[412] 0 3 0 10 4
[463] 11 3 0 10 4
[367] 10 3 0 10 4
[421] 14 3 0 10 4
[419] 13 3 0 10 4
[417] 12 3 0 10 4
[133] 1 14 0 10 4
[229] 5 14 0 10 4
[517] 4 14 0 10 4
[421] 3 14 0 10 4
[41] 7 14 0 10 4
[39] 6 14 0 10 4
[131] 1 13 0 10 4
[155] 0 13 0 10 4
[227] 5 13 0 10 4
[515] 4 13 0 10 4
[419] 3 13 0 10 4
[129] 1 12 0 10 4
[153] 0 12 0 10 4
[239] 5 12 0 10 4
[523] 4 12 0 10 4
[409] 3 12 0 10 4
[76] 2 5 2 9 4
[19] 11 5 2 9 4
[21] 10 5 2 9 4
[501] 10 3 2 9 4
[357] 8 10 2 9 4
[309] 7 10 2 9 4
[117] 6 10 2 9 4
[161] 1 9 2 9 4
[41] 0 9 2 9 4
[63] 8 9 2 9 4
[124] 0 5 0 9 4
[13] 14 5 0 9 4
[11] 13 5 0 9 4
[493] 14 3 0 9 4
[491] 13 3 0 9 4
[489] 12 3 0 9 4
[13] 5 14 0 9 4
[205] 4 14 0 9 4
[493] 3 14 0 9 4
[11] 5 13 0 9 4
[203] 4 13 0 9 4
[491] 3 13 0 9 4
[23] 5 12 0 9 4
[78] 14 2 5 9 4
[84] 13 2 5 9 4
[82] 12 2 5 9 4
[270] 14 0 5 9 4
[276] 13 0 5 9 4
[226] 12 0 5 9 4
[25] 2 14 5 9 4
[125] 0 14 5 9 4
[84] 2 13 5 9 4
[180] 0 13 5 9 4
[82] 2 12 5 9 4
[178] 0 12 5 9 4
[289] 2 14 8 11 3
[293] 0 14 8 11 3
[193] 2 14 7 11 3
[197] 0 14 7 11 3
[270] 14 2 6 11 3
[276] 13 2 6 11 3
[226] 12 2 6 11 3
[78] 14 0 6 11 3
[84] 13 0 6 11 3
[82] 12 0 6 11 3
[180] 2 13 6 11 3
[84] 0 13 6 11 3
[178] 2 12 6 11 3
[82] 0 12 6 11 3
[289] 8 2 14 11 3
[241] 7 2 14 11 3
[49] 6 2 14 11 3
[353] 8 0 14 11 3
[303] 7 0 14 11 3
[109] 6 0 14 11 3
[289] 2 8 14 11 3
[293] 0 8 14 11 3
[241] 2 7 14 11 3
[245] 0 7 14 11 3
[182] 2 6 13 11 3
[86] 0 6 13 11 3
[178] 2 6 12 11 3
[82] 0 6 12 11 3
[366] 14 8 2 10 3
[372] 13 8 2 10 3
[370] 12 8 2 10 3
[318] 14 7 2 10 3
[322] 12 7 2 10 3
[222] 14 6 2 10 3
[228] 13 6 2 10 3
[178] 12 6 2 10 3
[97] 2 14 2 10 3
[366] 8 14 2 10 3
[318] 7 14 2 10 3
[270] 6 14 2 10 3
[364] 8 13 2 10 3
[376] 7 13 2 10 3
[326] 6 13 2 10 3
[370] 8 12 2 10 3
[322] 7 12 2 10 3
[274] 6 12 2 10 3
[241] 2 14 1 10 3
[245] 0 14 1 10 3
[254] 6 13 1 10 3
[524] 11 4 0 10 3
[506] 9 4 0 10 3
[411] 2 3 0 10 3
[412] 1 3 0 10 3
[456] 11 3 0 10 3
[101] 0 14 0 10 3
[174] 5 14 0 10 3
[510] 4 14 0 10 3
[228] 5 13 0 10 3
[516] 4 13 0 10 3
[226] 5 12 0 10 3
[514] 4 12 0 10 3
[129] 5 2 14 10 3
[143] 4 2 14 10 3
[361] 8 2 14 10 3
[313] 7 2 14 10 3
[265] 6 2 14 10 3
[173] 5 0 14 10 3
[509] 4 0 14 10 3
[413] 3 0 14 10 3
[41] 8 0 14 10 3
[39] 7 0 14 10 3
[364] 8 2 13 10 3
[376] 7 2 13 10 3
[326] 6 2 13 10 3
[228] 5 0 13 10 3
[516] 4 0 13 10 3
[370] 8 2 12 10 3
[322] 7 2 12 10 3
[274] 6 2 12 10 3
[226] 5 0 12 10 3
[514] 4 0 12 10 3
[501] 10 2 3 9 3
[493] 14 0 3 9 3
[491] 13 0 3 9 3
[489] 12 0 3 9 3
[25] 2 5 14 9 3
[125] 0 5 14 9 3
[84] 2 5 13 9 3
[180] 0 5 13 9 3
[82] 2 5 12 9 3
[178] 0 5 12 9 3
[71] 10 4 2 14 3
[455] 9 4 2 14 3
[289] 8 11 2 14 3
[241] 7 11 2 14 3
[49] 6 11 2 14 3
[101] 1 10 2 14 3
[71] 4 10 2 14 3
[351] 11 7 0 14 3
[63] 10 7 0 14 3
[353] 8 11 0 14 3
[303] 7 11 0 14 3
[109] 6 11 0 14 3
[97] 1 10 0 14 3
[63] 7 10 0 14 3
[289] 8 2 11 14 3
[241] 7 2 11 14 3
[49] 6 2 11 14 3
[353] 8 0 11 14 3
[303] 7 0 11 14 3
[109] 6 0 11 14 3
[289] 2 8 11 14 3
[293] 0 8 11 14 3
[241] 2 7 11 14 3
[245] 0 7 11 14 3
[129] 5 2 10 14 3
[143] 4 2 10 14 3
[361] 8 2 10 14 3
[313] 7 2 10 14 3
[265] 6 2 10 14 3
[173] 5 0 10 14 3
[509] 4 0 10 14 3
[413] 3 0 10 14 3
[41] 8 0 10 14 3
[39] 7 0 10 14 3
[25] 2 5 9 14 3
[125] 0 5 9 14 3
[182] 2 6 11 13 3
[86] 0 6 11 13 3
[364] 8 2 10 13 3
[376] 7 2 10 13 3
[326] 6 2 10 13 3
[228] 5 0 10 13 3
[516] 4 0 10 13 3
[84] 2 5 9 13 3
[180] 0 5 9 13 3
[178] 2 6 11 12 3
[82] 0 6 11 12 3
[370] 8 2 10 12 3
[322] 7 2 10 12 3
[274] 6 2 10 12 3
[226] 5 0 10 12 3
[514] 4 0 10 12 3
[82] 2 5 9 12 3
[178] 0 5 9 12 3
[293] 2 9 8 5 11
[289] 0 9 8 5 11
[245] 2 9 7 5 11
[241] 0 9 7 5 11
[125] 2 9 6 5 11
[25] 0 9 6 5 11
[428] 8 2 11 5 11
[380] 7 2 11 5 11
[332] 6 2 11 5 11
[524] 4 0 11 5 11
[357] 10 8 2 4 11
[353] 9 8 2 4 11
[309] 10 7 2 4 11
[305] 9 7 2 4 11
[124] 2 6 2 4 11
[117] 10 6 2 4 11
[113] 9 6 2 4 11
[163] 1 11 2 4 11
[43] 0 11 2 4 11
[71] 3 11 2 4 11
[21] 5 10 2 4 11
[501] 3 10 2 4 11
[254] 14 7 1 4 11
[180] 2 6 1 4 11
[84] 0 6 1 4 11
[301] 14 8 0 4 11
[299] 13 8 0 4 11
[297] 12 8 0 4 11
[253] 14 7 0 4 11
[203] 13 7 0 4 11
[153] 12 7 0 4 11
[76] 0 6 0 4 11
[109] 14 6 0 4 11
[107] 13 6 0 4 11
[105] 12 6 0 4 11
[293] 8 14 0 4 11
[305] 7 14 0 4 11
[111] 6 14 0 4 11
[299] 8 13 0 4 11
[107] 6 13 0 4 11
[297] 8 12 0 4 11
[249] 7 12 0 4 11
[105] 6 12 0 4 11
[357] 10 2 8 4 11
[353] 9 2 8 4 11
[301] 14 0 8 4 11
[299] 13 0 8 4 11
[297] 12 0 8 4 11
[309] 10 2 7 4 11
[305] 9 2 7 4 11
[253] 14 0 7 4 11
[203] 13 0 7 4 11
[153] 12 0 7 4 11
[187] 11 2 6 4 11
[189] 10 2 6 4 11
[185] 9 2 6 4 11
[219] 13 2 6 4 11
[171] 12 2 6 4 11
[463] 10 0 6 4 11
[367] 9 0 6 4 11
[85] 14 0 6 4 11
[83] 13 0 6 4 11
[81] 12 0 6 4 11
[289] 2 14 8 3 11
[293] 0 14 8 3 11
[193] 2 14 7 3 11
[197] 0 14 7 3 11
[270] 14 2 6 3 11
[276] 13 2 6 3 11
[226] 12 2 6 3 11
[78] 14 0 6 3 11
[84] 13 0 6 3 11
[82] 12 0 6 3 11
[180] 2 13 6 3 11
[84] 0 13 6 3 11
[178] 2 12 6 3 11
[82] 0 12 6 3 11
[289] 8 2 14 3 11
[241] 7 2 14 3 11
[49] 6 2 14 3 11
[353] 8 0 14 3 11
[303] 7 0 14 3 11
[109] 6 0 14 3 11
[289] 2 8 14 3 11
[293] 0 8 14 3 11
[241] 2 7 14 3 11
[245] 0 7 14 3 11
[182] 2 6 13 3 11
[86] 0 6 13 3 11
[178] 2 6 12 3 11
[82] 0 6 12 3 11
[293] 2 9 5 8 11
[289] 0 9 5 8 11
[357] 10 2 4 8 11
[353] 9 2 4 8 11
[301] 14 0 4 8 11
[299] 13 0 4 8 11
[297] 12 0 4 8 11
[289] 2 14 3 8 11
[293] 0 14 3 8 11
[245] 2 9 5 7 11
[241] 0 9 5 7 11
[309] 10 2 4 7 11
[305] 9 2 4 7 11
[253] 14 0 4 7 11
[203] 13 0 4 7 11
[153] 12 0 4 7 11
[193] 2 14 3 7 11
[197] 0 14 3 7 11
[76] 1 4 2 6 11
[216] 13 4 2 6 11
[270] 14 3 2 6 11
[276] 13 3 2 6 11
[226] 12 3 2 6 11
[216] 4 13 2 6 11
[224] 3 13 2 6 11
[124] 1 4 0 6 11
[456] 10 4 0 6 11
[78] 14 3 0 6 11
[84] 13 3 0 6 11
[82] 12 3 0 6 11
[474] 5 10 0 6 11
[456] 4 10 0 6 11
[125] 2 9 5 6 11
[25] 0 9 5 6 11
[187] 11 2 4 6 11
[189] 10 2 4 6 11
[185] 9 2 4 6 11
[219] 13 2 4 6 11
[171] 12 2 4 6 11
[463] 10 0 4 6 11
[367] 9 0 4 6 11
[85] 14 0 4 6 11
[83] 13 0 4 6 11
[81] 12 0 4 6 11
[270] 14 2 3 6 11
[276] 13 2 3 6 11
[226] 12 2 3 6 11
[78] 14 0 3 6 11
[84] 13 0 3 6 11
[82] 12 0 3 6 11
[180] 2 13 3 6 11
[84] 0 13 3 6 11
[178] 2 12 3 6 11
[82] 0 12 3 6 11
[458] 9 8 5 2 10
[380] 11 7 5 2 10
[376] 10 7 5 2 10
[314] 9 7 5 2 10
[332] 11 6 5 2 10
[328] 10 6 5 2 10
[266] 9 6 5 2 10
[428] 8 11 5 2 10
[380] 7 11 5 2 10
[332] 6 11 5 2 10
[101] 2 9 5 2 10
[314] 7 9 5 2 10
[266] 6 9 5 2 10
[163] 11 2 4 2 10
[161] 9 2 4 2 10
[172] 5 1 4 2 10
[412] 3 1 4 2 10
[364] 1 8 4 2 10
[367] 0 8 4 2 10
[456] 9 8 4 2 10
[316] 1 7 4 2 10
[319] 0 7 4 2 10
[271] 0 6 4 2 10
[216] 14 6 4 2 10
[366] 14 8 3 2 10
[372] 13 8 3 2 10
[370] 12 8 3 2 10
[318] 14 7 3 2 10
[322] 12 7 3 2 10
[222] 14 6 3 2 10
[228] 13 6 3 2 10
[178] 12 6 3 2 10
[97] 2 14 3 2 10
[366] 8 14 3 2 10
[318] 7 14 3 2 10
[270] 6 14 3 2 10
[364] 8 13 3 2 10
[376] 7 13 3 2 10
[326] 6 13 3 2 10
[370] 8 12 3 2 10
[322] 7 12 3 2 10
[274] 6 12 3 2 10
[458] 9 5 8 2 10
[364] 1 4 8 2 10
[367] 0 4 8 2 10
[456] 9 4 8 2 10
[366] 14 3 8 2 10
[372] 13 3 8 2 10
[370] 12 3 8 2 10
[474] 5 9 8 2 10
[456] 4 9 8 2 10
[380] 11 5 7 2 10
[376] 10 5 7 2 10
[314] 9 5 7 2 10
[316] 1 4 7 2 10
[319] 0 4 7 2 10
[318] 14 3 7 2 10
[322] 12 3 7 2 10
[332] 11 5 6 2 10
[328] 10 5 6 2 10
[266] 9 5 6 2 10
[271] 0 4 6 2 10
[216] 14 4 6 2 10
[222] 14 3 6 2 10
[228] 13 3 6 2 10
[178] 12 3 6 2 10
[216] 4 14 6 2 10
[224] 3 14 6 2 10
[171] 5 2 4 1 10
[411] 3 2 4 1 10
[43] 11 2 4 1 10
[41] 9 2 4 1 10
[367] 8 0 4 1 10
[319] 7 0 4 1 10
[271] 6 0 4 1 10
[133] 14 0 4 1 10
[131] 13 0 4 1 10
[129] 12 0 4 1 10
[241] 2 14 3 1 10
[245] 0 14 3 1 10
[254] 6 13 3 1 10
[524] 5 11 5 0 10
[332] 13 11 5 0 10
[284] 12 11 5 0 10
[230] 8 10 5 0 10
[228] 7 10 5 0 10
[172] 6 10 5 0 10
[328] 13 10 5 0 10
[280] 12 10 5 0 10
[173] 2 9 5 0 10
[174] 1 9 5 0 10
[169] 0 9 5 0 10
[506] 5 9 5 0 10
[410] 4 9 5 0 10
[266] 13 9 5 0 10
[218] 12 9 5 0 10
[332] 11 13 5 0 10
[328] 10 13 5 0 10
[266] 9 13 5 0 10
[216] 5 12 5 0 10
[224] 4 12 5 0 10
[284] 11 12 5 0 10
[280] 10 12 5 0 10
[218] 9 12 5 0 10
[411] 5 2 4 0 10
[171] 3 2 4 0 10
[523] 11 2 4 0 10
[525] 10 2 4 0 10
[521] 9 2 4 0 10
[412] 5 1 4 0 10
[172] 3 1 4 0 10
[518] 7 1 4 0 10
[516] 6 1 4 0 10
[517] 14 0 4 0 10
[515] 13 0 4 0 10
[513] 12 0 4 0 10
[474] 4 11 3 0 10
[456] 3 11 3 0 10
[462] 14 11 3 0 10
[468] 13 11 3 0 10
[466] 12 11 3 0 10
[366] 14 10 3 0 10
[372] 13 10 3 0 10
[370] 12 10 3 0 10
[78] 14 9 3 0 10
[84] 13 9 3 0 10
[82] 12 9 3 0 10
[409] 2 14 3 0 10
[410] 1 14 3 0 10
[413] 0 14 3 0 10
[174] 4 14 3 0 10
[510] 3 14 3 0 10
[462] 11 14 3 0 10
[366] 10 14 3 0 10
[78] 9 14 3 0 10
[228] 4 13 3 0 10
[516] 3 13 3 0 10
[412] 8 13 3 0 10
[422] 6 13 3 0 10
[468] 11 13 3 0 10
[372] 10 13 3 0 10
[84] 9 13 3 0 10
[226] 4 12 3 0 10
[514] 3 12 3 0 10
[466] 11 12 3 0 10
[370] 10 12 3 0 10
[82] 9 12 3 0 10
[458] 9 8 2 5 10
[380] 11 7 2 5 10
[376] 10 7 2 5 10
[314] 9 7 2 5 10
[332] 11 6 2 5 10
[328] 10 6 2 5 10
[266] 9 6 2 5 10
[428] 8 11 2 5 10
[380] 7 11 2 5 10
[332] 6 11 2 5 10
[101] 2 9 2 5 10
[314] 7 9 2 5 10
[266] 6 9 2 5 10
[171] 2 5 0 5 10
[172] 1 5 0 5 10
[216] 12 5 0 5 10
[510] 14 4 0 5 10
[516] 13 4 0 5 10
[514] 12 4 0 5 10
[524] 4 11 0 5 10
[97] 0 9 0 5 10
[506] 4 9 0 5 10
[410] 3 9 0 5 10
[353] 8 2 9 5 10
[303] 7 2 9 5 10
[109] 6 2 9 5 10
[289] 8 0 9 5 10
[241] 7 0 9 5 10
[49] 6 0 9 5 10
[293] 2 8 9 5 10
[289] 0 8 9 5 10
[245] 2 7 9 5 10
[241] 0 7 9 5 10
[125] 2 6 9 5 10
[25] 0 6 9 5 10
[364] 2 8 2 4 10
[367] 1 8 2 4 10
[91] 11 8 2 4 10
[477] 10 8 2 4 10
[473] 9 8 2 4 10
[316] 2 7 2 4 10
[319] 1 7 2 4 10
[379] 11 7 2 4 10
[381] 10 7 2 4 10
[377] 9 7 2 4 10
[271] 1 6 2 4 10
[331] 11 6 2 4 10
[333] 10 6 2 4 10
[329] 9 6 2 4 10
[219] 14 6 2 4 10
[171] 13 6 2 4 10
[163] 2 11 2 4 10
[43] 1 11 2 4 10
[129] 4 11 2 4 10
[143] 3 11 2 4 10
[427] 8 11 2 4 10
[379] 7 11 2 4 10
[331] 6 11 2 4 10
[429] 8 10 2 4 10
[381] 7 10 2 4 10
[333] 6 10 2 4 10
[161] 2 9 2 4 10
[41] 1 9 2 4 10
[375] 8 9 2 4 10
[325] 7 9 2 4 10
[269] 6 9 2 4 10
[254] 13 7 1 4 10
[254] 7 13 1 4 10
[171] 1 5 0 4 10
[172] 0 5 0 4 10
[181] 14 5 0 4 10
[275] 13 5 0 4 10
[225] 12 5 0 4 10
[517] 14 4 0 4 10
[515] 13 4 0 4 10
[513] 12 4 0 4 10
[411] 1 3 0 4 10
[412] 0 3 0 4 10
[463] 11 3 0 4 10
[367] 10 3 0 4 10
[421] 14 3 0 4 10
[419] 13 3 0 4 10
[417] 12 3 0 4 10
[133] 1 14 0 4 10
[229] 5 14 0 4 10
[517] 4 14 0 4 10
[421] 3 14 0 4 10
[41] 7 14 0 4 10
[39] 6 14 0 4 10
[131] 1 13 0 4 10
[155] 0 13 0 4 10
[227] 5 13 0 4 10
[515] 4 13 0 4 10
[419] 3 13 0 4 10
[129] 1 12 0 4 10
[153] 0 12 0 4 10
[239] 5 12 0 4 10
[523] 4 12 0 4 10
[409] 3 12 0 4 10
[366] 14 8 2 3 10
[372] 13 8 2 3 10
[370] 12 8 2 3 10
[318] 14 7 2 3 10
[322] 12 7 2 3 10
[222] 14 6 2 3 10
[228] 13 6 2 3 10
[178] 12 6 2 3 10
[97] 2 14 2 3 10
[366] 8 14 2 3 10
[318] 7 14 2 3 10
[270] 6 14 2 3 10
[364] 8 13 2 3 10
[376] 7 13 2 3 10
[326] 6 13 2 3 10
[370] 8 12 2 3 10
[322] 7 12 2 3 10
[274] 6 12 2 3 10
[241] 2 14 1 3 10
[245] 0 14 1 3 10
[254] 6 13 1 3 10
[524] 11 4 0 3 10
[506] 9 4 0 3 10
[411] 2 3 0 3 10
[412] 1 3 0 3 10
[456] 11 3 0 3 10
[101] 0 14 0 3 10
[174] 5 14 0 3 10
[510] 4 14 0 3 10
[228] 5 13 0 3 10
[516] 4 13 0 3 10
[226] 5 12 0 3 10
[514] 4 12 0 3 10
[129] 5 2 14 3 10
[143] 4 2 14 3 10
[361] 8 2 14 3 10
[313] 7 2 14 3 10
[265] 6 2 14 3 10
[173] 5 0 14 3 10
[509] 4 0 14 3 10
[413] 3 0 14 3 10
[41] 8 0 14 3 10
[39] 7 0 14 3 10
[364] 8 2 13 3 10
[376] 7 2 13 3 10
[326] 6 2 13 3 10
[228] 5 0 13 3 10
[516] 4 0 13 3 10
[370] 8 2 12 3 10
[322] 7 2 12 3 10
[274] 6 2 12 3 10
[226] 5 0 12 3 10
[514] 4 0 12 3 10
[124] 1 5 2 5 9
[456] 10 5 2 5 9
[78] 14 4 2 5 9
[84] 13 4 2 5 9
[82] 12 4 2 5 9
[524] 3 11 2 5 9
[470] 8 10 2 5 9
[468] 7 10 2 5 9
[460] 6 10 2 5 9
[365] 2 9 2 5 9
[366] 1 9 2 5 9
[361] 0 9 2 5 9
[314] 8 9 2 5 9
[266] 7 9 2 5 9
[125] 2 9 1 5 9
[25] 0 9 1 5 9
[76] 1 5 0 5 9
[216] 13 5 0 5 9
[270] 14 4 0 5 9
[276] 13 4 0 5 9
[226] 12 4 0 5 9
[332] 14 11 0 5 9
[284] 13 11 0 5 9
[182] 8 10 0 5 9
[180] 7 10 0 5 9
[124] 6 10 0 5 9
[328] 14 10 0 5 9
[280] 13 10 0 5 9
[78] 1 9 0 5 9
[49] 0 9 0 5 9
[266] 14 9 0 5 9
[218] 13 9 0 5 9
[332] 11 14 0 5 9
[328] 10 14 0 5 9
[266] 9 14 0 5 9
[216] 5 13 0 5 9
[224] 4 13 0 5 9
[284] 11 13 0 5 9
[280] 10 13 0 5 9
[218] 9 13 0 5 9
[458] 10 2 11 5 9
[332] 14 0 11 5 9
[284] 13 0 11 5 9
[86] 8 2 10 5 9
[84] 7 2 10 5 9
[76] 6 2 10 5 9
[410] 11 2 10 5 9
[474] 10 2 10 5 9
[428] 9 2 10 5 9
[182] 8 0 10 5 9
[180] 7 0 10 5 9
[124] 6 0 10 5 9
[328] 14 0 10 5 9
[280] 13 0 10 5 9
[86] 2 8 10 5 9
[182] 0 8 10 5 9
[84] 2 7 10 5 9
[180] 0 7 10 5 9
[89] 8 2 9 5 9
[87] 7 2 9 5 9
[85] 6 2 9 5 9
[413] 11 2 9 5 9
[461] 10 2 9 5 9
[365] 9 2 9 5 9
[177] 5 0 9 5 9
[191] 4 0 9 5 9
[187] 3 0 9 5 9
[265] 14 0 9 5 9
[217] 13 0 9 5 9
[169] 12 0 9 5 9
[501] 10 5 2 4 9
[76] 2 3 2 4 9
[19] 11 3 2 4 9
[21] 10 3 2 4 9
[23] 3 11 2 4 9
[163] 14 11 2 4 9
[259] 12 11 2 4 9
[501] 5 10 2 4 9
[21] 3 10 2 4 9
[309] 13 10 2 4 9
[261] 12 10 2 4 9
[207] 8 9 2 4 9
[205] 7 9 2 4 9
[161] 14 9 2 4 9
[305] 13 9 2 4 9
[257] 12 9 2 4 9
[163] 11 14 2 4 9
[161] 9 14 2 4 9
[309] 10 13 2 4 9
[305] 9 13 2 4 9
[259] 11 12 2 4 9
[261] 10 12 2 4 9
[257] 9 12 2 4 9
[254] 12 7 1 4 9
[254] 7 12 1 4 9
[493] 14 5 0 4 9
[491] 13 5 0 4 9
[489] 12 5 0 4 9
[124] 0 3 0 4 9
[13] 14 3 0 4 9
[11] 13 3 0 4 9
[133] 0 14 0 4 9
[101] 8 14 0 4 9
[161] 7 14 0 4 9
[159] 6 14 0 4 9
[107] 8 13 0 4 9
[299] 6 13 0 4 9
[263] 5 12 0 4 9
[259] 4 12 0 4 9
[193] 3 12 0 4 9
[171] 5 2 14 4 9
[411] 3 2 14 4 9
[43] 11 2 14 4 9
[41] 9 2 14 4 9
[367] 8 0 14 4 9
[319] 7 0 14 4 9
[271] 6 0 14 4 9
[133] 14 0 14 4 9
[131] 13 0 14 4 9
[129] 12 0 14 4 9
[309] 10 2 13 4 9
[305] 9 2 13 4 9
[253] 14 0 13 4 9
[203] 13 0 13 4 9
[153] 12 0 13 4 9
[259] 11 2 12 4 9
[261] 10 2 12 4 9
[257] 9 2 12 4 9
[254] 7 1 12 4 9
[205] 14 0 12 4 9
[155] 13 0 12 4 9
[249] 12 0 12 4 9
[23] 4 2 14 3 9
[495] 7 0 14 3 9
[493] 6 0 14 3 9
[25] 2 4 14 3 9
[125] 0 4 14 3 9
[84] 2 4 13 3 9
[180] 0 4 13 3 9
[82] 2 4 12 3 9
[178] 0 4 12 3 9
[457] 0 10 0 6 11 5
[183] 7 2 10 6 11 5
[221] 13 2 10 6 11 5
[95] 4 0 10 6 11 5
[457] 10 0 10 6 11 5
[317] 0 12 7 2 10 5
[277] 14 2 6 2 10 5
[223] 2 14 6 2 10 5
[278] 7 14 6 2 10 5
[317] 2 7 11 2 10 5
[278] 12 8 5 0 10 5
[278] 8 12 5 0 10 5
[505] 0 11 4 0 10 5
[457] 0 11 3 0 10 5
[278] 12 5 8 0 10 5
[505] 0 4 11 0 10 5
[278] 12 5 0 8 10 5
[278] 14 6 2 7 10 5
[373] 14 8 2 6 10 5
[371] 13 8 2 6 10 5
[369] 12 8 2 6 10 5
[323] 13 7 2 6 10 5
[321] 12 7 2 6 10 5
[277] 14 6 2 6 10 5
[327] 6 14 2 6 10 5
[371] 8 13 2 6 10 5
[323] 7 13 2 6 10 5
[369] 8 12 2 6 10 5
[321] 7 12 2 6 10 5
[273] 6 12 2 6 10 5
[235] 11 5 0 6 10 5
[233] 9 5 0 6 10 5
[475] 11 3 0 6 10 5
[479] 3 11 0 6 10 5
[233] 5 9 0 6 10 5
[425] 3 9 0 6 10 5
[183] 0 7 5 2 9 5
[255] 12 7 4 2 9 5
[255] 7 12 4 2 9 5
[183] 0 5 7 2 9 5
[255] 12 4 7 2 9 5
[135] 2 9 7 2 9 5
[255] 14 7 10 2 9 5
[135] 2 7 9 2 9 5
[95] 4 2 5 1 9 5
[457] 10 2 5 1 9 5
[183] 7 0 5 1 9 5
[221] 13 0 5 1 9 5
[95] 5 2 5 0 9 5
[465] 10 2 5 0 9 5
[369] 9 2 5 0 9 5
[277] 13 0 5 0 9 5
[179] 0 12 5 0 9 5
[47] 2 14 4 0 9 5
[47] 0 4 9 0 9 5
[475] 10 8 2 5 9 5
[183] 1 7 2 5 9 5
[423] 11 7 2 5 9 5
[471] 10 7 2 5 9 5
[469] 10 6 2 5 9 5
[373] 9 6 2 5 9 5
[425] 8 11 2 5 9 5
[423] 7 11 2 5 9 5
[457] 1 10 2 5 9 5
[471] 7 10 2 5 9 5
[469] 6 10 2 5 9 5
[327] 7 9 2 5 9 5
[277] 13 5 0 5 9 5
[95] 1 4 0 5 9 5
[335] 14 4 0 5 9 5
[287] 13 4 0 5 9 5
[283] 13 3 0 5 9 5
[235] 12 3 0 5 9 5
[273] 5 14 0 5 9 5
[335] 4 14 0 5 9 5
[221] 1 13 0 5 9 5
[287] 4 13 0 5 9 5
[283] 3 13 0 5 9 5
[479] 4 12 0 5 9 5
[255] 12 7 2 4 9 5
[255] 7 12 2 4 9 5
[255] 7 2 12 4 9 5
[95] 2 4 0 3 9 5
[95] 0 6 3 11 2 4
[47] 0 11 3 11 2 4
[283] 13 2 6 11 2 4
[235] 12 2 6 11 2 4
[95] 3 0 6 11 2 4
[95] 0 3 6 11 2 4
[93] 0 11 6 11 2 4
[475] 9 8 2 10 2 4
[285] 14 6 2 10 2 4
[233] 11 5 0 10 2 4
[235] 9 5 0 10 2 4
[285] 12 5 0 10 2 4
[233] 5 11 0 10 2 4
[425] 3 11 0 10 2 4
[479] 3 9 0 10 2 4
[475] 10 2 5 9 2 4
[183] 8 0 5 9 2 4
[281] 13 0 5 9 2 4
[233] 12 0 5 9 2 4
[183] 0 8 5 9 2 4
[93] 2 9 5 9 2 4
[255] 12 8 4 9 2 4
[255] 8 12 4 9 2 4
[183] 0 5 8 9 2 4
[255] 12 4 8 9 2 4
[135] 2 9 8 9 2 4
[373] 14 8 2 10 1 4
[371] 13 8 2 10 1 4
[369] 12 8 2 10 1 4
[323] 13 7 2 10 1 4
[321] 12 7 2 10 1 4
[277] 14 6 2 10 1 4
[327] 6 14 2 10 1 4
[371] 8 13 2 10 1 4
[323] 7 13 2 10 1 4
[369] 8 12 2 10 1 4
[321] 7 12 2 10 1 4
[273] 6 12 2 10 1 4
[235] 11 5 0 10 1 4
[233] 9 5 0 10 1 4
[475] 11 3 0 10 1 4
[479] 3 11 0 10 1 4
[233] 5 9 0 10 1 4
[425] 3 9 0 10 1 4
[255] 6 14 7 11 0 4
[179] 2 13 6 11 0 4
[183] 2 6 14 11 0 4
[179] 2 6 13 11 0 4
[327] 6 2 14 10 0 4
[135] 2 6 14 10 0 4
[371] 8 2 13 10 0 4
[323] 7 2 13 10 0 4
[369] 8 2 12 10 0 4
[321] 7 2 12 10 0 4
[273] 6 2 12 10 0 4
[47] 0 5 12 10 0 4
[179] 0 13 5 9 0 4
[179] 0 5 13 9 0 4
[95] 2 5 12 9 0 4
[135] 2 10 6 14 0 4
[183] 2 6 11 14 0 4
[327] 6 2 10 14 0 4
[135] 2 6 10 14 0 4
[179] 2 6 11 13 0 4
[371] 8 2 10 13 0 4
[323] 7 2 10 13 0 4
[179] 0 5 9 13 0 4
[47] 0 10 5 12 0 4
[369] 8 2 10 12 0 4
[321] 7 2 10 12 0 4
[273] 6 2 10 12 0 4
[47] 0 5 10 12 0 4
[95] 2 5 9 12 0 4
[93] 0 10 6 2 11 4
[479] 3 0 11 2 11 4
[47] 0 3 11 2 11 4
[93] 2 5 10 2 11 4
[255] 6 14 7 0 11 4
[179] 2 13 6 0 11 4
[183] 2 6 14 0 11 4
[179] 2 6 13 0 11 4
[255] 6 14 0 7 11 4
[283] 13 11 2 6 11 4
[235] 12 11 2 6 11 4
[93] 1 10 2 6 11 4
[285] 13 10 2 6 11 4
[183] 8 9 2 6 11 4
[281] 13 9 2 6 11 4
[233] 12 9 2 6 11 4
[223] 1 13 2 6 11 4
[283] 11 13 2 6 11 4
[285] 10 13 2 6 11 4
[281] 9 13 2 6 11 4
[235] 11 12 2 6 11 4
[233] 9 12 2 6 11 4
[459] 1 10 0 6 11 4
[469] 14 10 0 6 11 4
[467] 13 10 0 6 11 4
[465] 12 10 0 6 11 4
[373] 14 9 0 6 11 4
[371] 13 9 0 6 11 4
[369] 12 9 0 6 11 4
[469] 10 14 0 6 11 4
[373] 9 14 0 6 11 4
[179] 1 13 0 6 11 4
[467] 10 13 0 6 11 4
[371] 9 13 0 6 11 4
[95] 5 12 0 6 11 4
[465] 10 12 0 6 11 4
[369] 9 12 0 6 11 4
[373] 14 1 8 2 10 4
[371] 13 1 8 2 10 4
[369] 12 1 8 2 10 4
[95] 3 11 8 2 10 4
[471] 8 9 8 2 10 4
[469] 7 9 8 2 10 4
[323] 13 1 7 2 10 4
[321] 12 1 7 2 10 4
[321] 4 11 7 2 10 4
[383] 3 11 7 2 10 4
[327] 8 9 7 2 10 4
[277] 14 1 6 2 10 4
[273] 4 11 6 2 10 4
[335] 3 11 6 2 10 4
[283] 14 11 6 2 10 4
[235] 13 11 6 2 10 4
[285] 14 10 6 2 10 4
[135] 8 9 6 2 10 4
[373] 7 9 6 2 10 4
[317] 6 9 6 2 10 4
[281] 14 9 6 2 10 4
[233] 13 9 6 2 10 4
[223] 1 14 6 2 10 4
[283] 11 14 6 2 10 4
[285] 10 14 6 2 10 4
[281] 9 14 6 2 10 4
[235] 11 13 6 2 10 4
[233] 9 13 6 2 10 4
[479] 3 1 11 2 10 4
[369] 8 4 11 2 10 4
[321] 7 4 11 2 10 4
[273] 6 4 11 2 10 4
[47] 1 3 11 2 10 4
[431] 8 3 11 2 10 4
[383] 7 3 11 2 10 4
[335] 6 3 11 2 10 4
[369] 4 8 11 2 10 4
[431] 3 8 11 2 10 4
[93] 11 8 11 2 10 4
[425] 10 8 11 2 10 4
[459] 9 8 11 2 10 4
[321] 4 7 11 2 10 4
[383] 3 7 11 2 10 4
[273] 4 6 11 2 10 4
[335] 3 6 11 2 10 4
[283] 14 6 11 2 10 4
[235] 13 6 11 2 10 4
[475] 9 8 10 2 10 4
[285] 14 6 10 2 10 4
[233] 5 1 9 2 10 4
[425] 3 1 9 2 10 4
[423] 10 8 9 2 10 4
[471] 9 8 9 2 10 4
[323] 14 7 9 2 10 4
[321] 13 7 9 2 10 4
[221] 14 6 9 2 10 4
[235] 11 1 5 0 10 4
[233] 9 1 5 0 10 4
[183] 6 14 5 0 10 4
[371] 7 13 5 0 10 4
[323] 6 13 5 0 10 4
[287] 5 12 5 0 10 4
[283] 4 12 5 0 10 4
[519] 6 14 4 0 10 4
[479] 5 12 4 0 10 4
[475] 11 1 3 0 10 4
[459] 1 11 3 0 10 4
[469] 14 11 3 0 10 4
[467] 13 11 3 0 10 4
[465] 12 11 3 0 10 4
[373] 14 10 3 0 10 4
[371] 13 10 3 0 10 4
[369] 12 10 3 0 10 4
[425] 7 14 3 0 10 4
[423] 6 14 3 0 10 4
[469] 11 14 3 0 10 4
[373] 10 14 3 0 10 4
[467] 11 13 3 0 10 4
[371] 10 13 3 0 10 4
[47] 5 12 3 0 10 4
[235] 4 12 3 0 10 4
[505] 3 12 3 0 10 4
[465] 11 12 3 0 10 4
[369] 10 12 3 0 10 4
[327] 6 1 14 0 10 4
[233] 7 5 14 0 10 4
[231] 6 5 14 0 10 4
[179] 14 5 14 0 10 4
[273] 13 5 14 0 10 4
[223] 12 5 14 0 10 4
[519] 6 4 14 0 10 4
[425] 7 3 14 0 10 4
[423] 6 3 14 0 10 4
[469] 11 3 14 0 10 4
[373] 10 3 14 0 10 4
[233] 5 7 14 0 10 4
[425] 3 7 14 0 10 4
[135] 1 6 14 0 10 4
[231] 5 6 14 0 10 4
[519] 4 6 14 0 10 4
[423] 3 6 14 0 10 4
[371] 8 1 13 0 10 4
[323] 7 1 13 0 10 4
[277] 12 5 13 0 10 4
[467] 11 3 13 0 10 4
[371] 10 3 13 0 10 4
[369] 8 1 12 0 10 4
[321] 7 1 12 0 10 4
[273] 6 1 12 0 10 4
[335] 13 5 12 0 10 4
[287] 12 5 12 0 10 4
[457] 11 3 12 0 10 4
[93] 2 10 5 2 9 4
[93] 0 6 10 2 9 4
[233] 5 0 9 2 9 4
[425] 3 0 9 2 9 4
[135] 2 8 9 2 9 4
[179] 0 13 5 0 9 4
[179] 0 5 13 0 9 4
[95] 2 5 12 0 9 4
[278] 6 13 0 5 9 4
[95] 4 2 14 5 9 4
[457] 10 2 14 5 9 4
[183] 7 0 14 5 9 4
[221] 13 0 14 5 9 4
[255] 7 0 14 7 11 3
[278] 6 13 2 6 11 3
[255] 14 7 0 14 11 3
[278] 13 2 6 13 11 3
[317] 0 14 7 2 10 3
[221] 0 14 6 2 10 3
[317] 0 7 14 2 10 3
[278] 14 6 13 2 10 3
[505] 0 9 4 0 10 3
[475] 11 2 3 0 10 3
[459] 2 11 3 0 10 3
[505] 2 4 14 0 10 3
[369] 8 5 2 14 10 3
[321] 7 5 2 14 10 3
[273] 6 5 2 14 10 3
[47] 1 4 2 14 10 3
[431] 8 4 2 14 10 3
[383] 7 4 2 14 10 3
[335] 6 4 2 14 10 3
[369] 5 8 2 14 10 3
[431] 4 8 2 14 10 3
[457] 9 8 2 14 10 3
[317] 1 7 2 14 10 3
[321] 5 7 2 14 10 3
[383] 4 7 2 14 10 3
[273] 5 6 2 14 10 3
[335] 4 6 2 14 10 3
[233] 8 5 0 14 10 3
[231] 7 5 0 14 10 3
[221] 12 5 0 14 10 3
[505] 1 4 0 14 10 3
[519] 7 4 0 14 10 3
[425] 8 3 0 14 10 3
[423] 7 3 0 14 10 3
[233] 5 8 0 14 10 3
[425] 3 8 0 14 10 3
[135] 1 7 0 14 10 3
[231] 5 7 0 14 10 3
[519] 4 7 0 14 10 3
[423] 3 7 0 14 10 3
[278] 14 6 2 13 10 3
[95] 4 2 5 14 9 3
[457] 10 2 5 14 9 3
[183] 7 0 5 14 9 3
[221] 13 0 5 14 9 3
[47] 0 10 4 2 14 3
[47] 0 4 10 2 14 3
[135] 2 10 7 0 14 3
[255] 14 7 11 0 14 3
[135] 2 7 10 0 14 3
[255] 14 7 0 11 14 3
[369] 8 5 2 10 14 3
[321] 7 5 2 10 14 3
[273] 6 5 2 10 14 3
[47] 1 4 2 10 14 3
[431] 8 4 2 10 14 3
[383] 7 4 2 10 14 3
[335] 6 4 2 10 14 3
[369] 5 8 2 10 14 3
[431] 4 8 2 10 14 3
[457] 9 8 2 10 14 3
[317] 1 7 2 10 14 3
[321] 5 7 2 10 14 3
[383] 4 7 2 10 14 3
[273] 5 6 2 10 14 3
[335] 4 6 2 10 14 3
[233] 8 5 0 10 14 3
[231] 7 5 0 10 14 3
[221] 12 5 0 10 14 3
[505] 1 4 0 10 14 3
[519] 7 4 0 10 14 3
[425] 8 3 0 10 14 3
[423] 7 3 0 10 14 3
[233] 5 8 0 10 14 3
[425] 3 8 0 10 14 3
[135] 1 7 0 10 14 3
[231] 5 7 0 10 14 3
[519] 4 7 0 10 14 3
[423] 3 7 0 10 14 3
[95] 4 2 5 9 14 3
[457] 10 2 5 9 14 3
[183] 7 0 5 9 14 3
[221] 13 0 5 9 14 3
[278] 13 2 6 11 13 3
[278] 14 6 2 10 13 3
[183] 7 2 9 6 5 11
[221] 13 2 9 6 5 11
[95] 4 0 9 6 5 11
[457] 10 0 9 6 5 11
[93] 0 10 6 2 4 11
[479] 3 0 11 2 4 11
[47] 0 3 11 2 4 11
[93] 2 5 10 2 4 11
[255] 6 14 7 0 4 11
[179] 2 13 6 0 4 11
[183] 2 6 14 0 4 11
[179] 2 6 13 0 4 11
[255] 6 14 0 7 4 11
[283] 13 11 2 6 4 11
[235] 12 11 2 6 4 11
[93] 1 10 2 6 4 11
[285] 13 10 2 6 4 11
[183] 8 9 2 6 4 11
[281] 13 9 2 6 4 11
[233] 12 9 2 6 4 11
[223] 1 13 2 6 4 11
[283] 11 13 2 6 4 11
[285] 10 13 2 6 4 11
[281] 9 13 2 6 4 11
[235] 11 12 2 6 4 11
[233] 9 12 2 6 4 11
[459] 1 10 0 6 4 11
[469] 14 10 0 6 4 11
[467] 13 10 0 6 4 11
[465] 12 10 0 6 4 11
[373] 14 9 0 6 4 11
[371] 13 9 0 6 4 11
[369] 12 9 0 6 4 11
[469] 10 14 0 6 4 11
[373] 9 14 0 6 4 11
[179] 1 13 0 6 4 11
[467] 10 13 0 6 4 11
[371] 9 13 0 6 4 11
[95] 5 12 0 6 4 11
[465] 10 12 0 6 4 11
[369] 9 12 0 6 4 11
[255] 7 0 14 7 3 11
[278] 6 13 2 6 3 11
[255] 14 7 0 14 3 11
[278] 13 2 6 13 3 11
[255] 6 14 0 4 7 11
[255] 7 0 14 3 7 11
[223] 0 13 4 2 6 11
[278] 6 13 3 2 6 11
[223] 0 4 13 2 6 11
[459] 2 10 4 0 6 11
[459] 2 4 10 0 6 11
[183] 7 2 9 5 6 11
[221] 13 2 9 5 6 11
[95] 4 0 9 5 6 11
[457] 10 0 9 5 6 11
[283] 13 11 2 4 6 11
[235] 12 11 2 4 6 11
[93] 1 10 2 4 6 11
[285] 13 10 2 4 6 11
[183] 8 9 2 4 6 11
[281] 13 9 2 4 6 11
[233] 12 9 2 4 6 11
[223] 1 13 2 4 6 11
[283] 11 13 2 4 6 11
[285] 10 13 2 4 6 11
[281] 9 13 2 4 6 11
[235] 11 12 2 4 6 11
[233] 9 12 2 4 6 11
[459] 1 10 0 4 6 11
[469] 14 10 0 4 6 11
[467] 13 10 0 4 6 11
[465] 12 10 0 4 6 11
[373] 14 9 0 4 6 11
[371] 13 9 0 4 6 11
[369] 12 9 0 4 6 11
[469] 10 14 0 4 6 11
[373] 9 14 0 4 6 11
[179] 1 13 0 4 6 11
[467] 10 13 0 4 6 11
[371] 9 13 0 4 6 11
[95] 5 12 0 4 6 11
[465] 10 12 0 4 6 11
[369] 9 12 0 4 6 11
[278] 6 13 2 3 6 11
[457] 0 9 8 5 2 10
[317] 2 9 7 5 2 10
[317] 2 7 9 5 2 10
[373] 14 0 8 4 2 10
[371] 13 0 8 4 2 10
[369] 12 0 8 4 2 10
[459] 2 9 8 4 2 10
[323] 13 0 7 4 2 10
[321] 12 0 7 4 2 10
[277] 14 0 6 4 2 10
[223] 0 14 6 4 2 10
[317] 0 14 7 3 2 10
[221] 0 14 6 3 2 10
[317] 0 7 14 3 2 10
[278] 14 6 13 3 2 10
[457] 0 9 5 8 2 10
[373] 14 0 4 8 2 10
[371] 13 0 4 8 2 10
[369] 12 0 4 8 2 10
[459] 2 9 4 8 2 10
[459] 2 4 9 8 2 10
[317] 2 9 5 7 2 10
[323] 13 0 4 7 2 10
[321] 12 0 4 7 2 10
[317] 0 14 3 7 2 10
[277] 14 0 4 6 2 10
[223] 0 14 4 6 2 10
[221] 0 14 3 6 2 10
[223] 0 4 14 6 2 10
[235] 11 5 2 4 1 10
[233] 9 5 2 4 1 10
[475] 11 3 2 4 1 10
[479] 3 11 2 4 1 10
[233] 5 9 2 4 1 10
[425] 3 9 2 4 1 10
[373] 14 8 0 4 1 10
[371] 13 8 0 4 1 10
[369] 12 8 0 4 1 10
[323] 13 7 0 4 1 10
[321] 12 7 0 4 1 10
[277] 14 6 0 4 1 10
[327] 6 14 0 4 1 10
[371] 8 13 0 4 1 10
[323] 7 13 0 4 1 10
[369] 8 12 0 4 1 10
[321] 7 12 0 4 1 10
[273] 6 12 0 4 1 10
[278] 12 8 10 5 0 10
[278] 8 12 10 5 0 10
[233] 8 2 9 5 0 10
[231] 7 2 9 5 0 10
[221] 12 2 9 5 0 10
[479] 4 0 9 5 0 10
[505] 0 5 9 5 0 10
[221] 2 12 9 5 0 10
[223] 0 5 12 5 0 10
[278] 8 10 12 5 0 10
[221] 2 9 12 5 0 10
[475] 11 5 2 4 0 10
[235] 11 3 2 4 0 10
[233] 9 3 2 4 0 10
[425] 5 9 2 4 0 10
[233] 3 9 2 4 0 10
[519] 8 9 2 4 0 10
[519] 6 14 0 4 0 10
[479] 5 12 0 4 0 10
[459] 2 3 11 3 0 10
[457] 2 14 11 3 0 10
[457] 11 2 14 3 0 10
[425] 8 0 14 3 0 10
[423] 7 0 14 3 0 10
[505] 2 3 14 3 0 10
[457] 2 11 14 3 0 10
[457] 0 9 8 2 5 10
[317] 2 9 7 2 5 10
[317] 2 7 9 2 5 10
[235] 11 2 5 0 5 10
[233] 9 2 5 0 5 10
[223] 0 12 5 0 5 10
[505] 2 14 4 0 5 10
[505] 0 4 9 0 5 10
[255] 14 7 2 9 5 10
[183] 7 2 6 9 5 10
[221] 13 2 6 9 5 10
[95] 4 0 6 9 5 10
[457] 10 0 6 9 5 10
[373] 14 1 8 2 4 10
[371] 13 1 8 2 4 10
[369] 12 1 8 2 4 10
[95] 3 11 8 2 4 10
[471] 8 9 8 2 4 10
[469] 7 9 8 2 4 10
[323] 13 1 7 2 4 10
[321] 12 1 7 2 4 10
[321] 4 11 7 2 4 10
[383] 3 11 7 2 4 10
[327] 8 9 7 2 4 10
[277] 14 1 6 2 4 10
[273] 4 11 6 2 4 10
[335] 3 11 6 2 4 10
[283] 14 11 6 2 4 10
[235] 13 11 6 2 4 10
[285] 14 10 6 2 4 10
[135] 8 9 6 2 4 10
[373] 7 9 6 2 4 10
[317] 6 9 6 2 4 10
[281] 14 9 6 2 4 10
[233] 13 9 6 2 4 10
[223] 1 14 6 2 4 10
[283] 11 14 6 2 4 10
[285] 10 14 6 2 4 10
[281] 9 14 6 2 4 10
[235] 11 13 6 2 4 10
[233] 9 13 6 2 4 10
[479] 3 1 11 2 4 10
[369] 8 4 11 2 4 10
[321] 7 4 11 2 4 10
[273] 6 4 11 2 4 10
[47] 1 3 11 2 4 10
[431] 8 3 11 2 4 10
[383] 7 3 11 2 4 10
[335] 6 3 11 2 4 10
[369] 4 8 11 2 4 10
[431] 3 8 11 2 4 10
[93] 11 8 11 2 4 10
[425] 10 8 11 2 4 10
[459] 9 8 11 2 4 10
[321] 4 7 11 2 4 10
[383] 3 7 11 2 4 10
[273] 4 6 11 2 4 10
[335] 3 6 11 2 4 10
[283] 14 6 11 2 4 10
[235] 13 6 11 2 4 10
[475] 9 8 10 2 4 10
[285] 14 6 10 2 4 10
[233] 5 1 9 2 4 10
[425] 3 1 9 2 4 10
[423] 10 8 9 2 4 10
[471] 9 8 9 2 4 10
[323] 14 7 9 2 4 10
[321] 13 7 9 2 4 10
[221] 14 6 9 2 4 10
[235] 11 1 5 0 4 10
[233] 9 1 5 0 4 10
[183] 6 14 5 0 4 10
[371] 7 13 5 0 4 10
[323] 6 13 5 0 4 10
[287] 5 12 5 0 4 10
[283] 4 12 5 0 4 10
[519] 6 14 4 0 4 10
[479] 5 12 4 0 4 10
[475] 11 1 3 0 4 10
[459] 1 11 3 0 4 10
[469] 14 11 3 0 4 10
[467] 13 11 3 0 4 10
[465] 12 11 3 0 4 10
[373] 14 10 3 0 4 10
[371] 13 10 3 0 4 10
[369] 12 10 3 0 4 10
[425] 7 14 3 0 4 10
[423] 6 14 3 0 4 10
[469] 11 14 3 0 4 10
[373] 10 14 3 0 4 10
[467] 11 13 3 0 4 10
[371] 10 13 3 0 4 10
[47] 5 12 3 0 4 10
[235] 4 12 3 0 4 10
[505] 3 12 3 0 4 10
[465] 11 12 3 0 4 10
[369] 10 12 3 0 4 10
[327] 6 1 14 0 4 10
[233] 7 5 14 0 4 10
[231] 6 5 14 0 4 10
[179] 14 5 14 0 4 10
[273] 13 5 14 0 4 10
[223] 12 5 14 0 4 10
[519] 6 4 14 0 4 10
[425] 7 3 14 0 4 10
[423] 6 3 14 0 4 10
[469] 11 3 14 0 4 10
[373] 10 3 14 0 4 10
[233] 5 7 14 0 4 10
[425] 3 7 14 0 4 10
[135] 1 6 14 0 4 10
[231] 5 6 14 0 4 10
[519] 4 6 14 0 4 10
[423] 3 6 14 0 4 10
[371] 8 1 13 0 4 10
[323] 7 1 13 0 4 10
[277] 12 5 13 0 4 10
[467] 11 3 13 0 4 10
[371] 10 3 13 0 4 10
[369] 8 1 12 0 4 10
[321] 7 1 12 0 4 10
[273] 6 1 12 0 4 10
[335] 13 5 12 0 4 10
[287] 12 5 12 0 4 10
[457] 11 3 12 0 4 10
[317] 0 14 7 2 3 10
[221] 0 14 6 2 3 10
[317] 0 7 14 2 3 10
[278] 14 6 13 2 3 10
[505] 0 9 4 0 3 10
[475] 11 2 3 0 3 10
[459] 2 11 3 0 3 10
[505] 2 4 14 0 3 10
[369] 8 5 2 14 3 10
[321] 7 5 2 14 3 10
[273] 6 5 2 14 3 10
[47] 1 4 2 14 3 10
[431] 8 4 2 14 3 10
[383] 7 4 2 14 3 10
[335] 6 4 2 14 3 10
[369] 5 8 2 14 3 10
[431] 4 8 2 14 3 10
[457] 9 8 2 14 3 10
[317] 1 7 2 14 3 10
[321] 5 7 2 14 3 10
[383] 4 7 2 14 3 10
[273] 5 6 2 14 3 10
[335] 4 6 2 14 3 10
[233] 8 5 0 14 3 10
[231] 7 5 0 14 3 10
[221] 12 5 0 14 3 10
[505] 1 4 0 14 3 10
[519] 7 4 0 14 3 10
[425] 8 3 0 14 3 10
[423] 7 3 0 14 3 10
[233] 5 8 0 14 3 10
[425] 3 8 0 14 3 10
[135] 1 7 0 14 3 10
[231] 5 7 0 14 3 10
[519] 4 7 0 14 3 10
[423] 3 7 0 14 3 10
[278] 14 6 2 13 3 10
[459] 2 10 5 2 5 9
[459] 0 6 10 2 5 9
[327] 7 2 9 2 5 9
[369] 5 0 9 2 5 9
[431] 4 0 9 2 5 9
[457] 9 0 9 2 5 9
[317] 2 8 9 2 5 9
[183] 7 2 9 1 5 9
[221] 13 2 9 1 5 9
[95] 4 0 9 1 5 9
[457] 10 0 9 1 5 9
[223] 0 13 5 0 5 9
[278] 6 13 4 0 5 9
[278] 13 8 10 0 5 9
[278] 8 13 10 0 5 9
[221] 2 13 9 0 5 9
[223] 0 5 13 0 5 9
[278] 8 10 13 0 5 9
[221] 2 9 13 0 5 9
[457] 0 10 2 11 5 9
[278] 13 8 0 10 5 9
[278] 8 13 0 10 5 9
[278] 13 0 8 10 5 9
[475] 10 8 2 9 5 9
[183] 1 7 2 9 5 9
[423] 11 7 2 9 5 9
[471] 10 7 2 9 5 9
[469] 10 6 2 9 5 9
[373] 9 6 2 9 5 9
[425] 8 11 2 9 5 9
[423] 7 11 2 9 5 9
[457] 1 10 2 9 5 9
[471] 7 10 2 9 5 9
[469] 6 10 2 9 5 9
[327] 7 9 2 9 5 9
[277] 13 5 0 9 5 9
[95] 1 4 0 9 5 9
[335] 14 4 0 9 5 9
[287] 13 4 0 9 5 9
[283] 13 3 0 9 5 9
[235] 12 3 0 9 5 9
[273] 5 14 0 9 5 9
[335] 4 14 0 9 5 9
[221] 1 13 0 9 5 9
[287] 4 13 0 9 5 9
[283] 3 13 0 9 5 9
[479] 4 12 0 9 5 9
[93] 2 10 3 2 4 9
[95] 2 3 11 2 4 9
[93] 2 3 10 2 4 9
[255] 12 8 9 2 4 9
[255] 8 12 9 2 4 9
[255] 8 9 12 2 4 9
[179] 0 13 3 0 4 9
[327] 6 0 14 0 4 9
[135] 0 6 14 0 4 9
[255] 13 6 14 0 4 9
[179] 2 8 13 0 4 9
[235] 11 5 2 14 4 9
[233] 9 5 2 14 4 9
[475] 11 3 2 14 4 9
[479] 3 11 2 14 4 9
[233] 5 9 2 14 4 9
[425] 3 9 2 14 4 9
[373] 14 8 0 14 4 9
[371] 13 8 0 14 4 9
[369] 12 8 0 14 4 9
[323] 13 7 0 14 4 9
[321] 12 7 0 14 4 9
[277] 14 6 0 14 4 9
[327] 6 14 0 14 4 9
[371] 8 13 0 14 4 9
[323] 7 13 0 14 4 9
[369] 8 12 0 14 4 9
[321] 7 12 0 14 4 9
[273] 6 12 0 14 4 9
[255] 6 14 0 13 4 9
[255] 8 9 2 12 4 9
[95] 2 4 2 14 3 9
[95] 4 2 4 14 3 9
[457] 10 2 4 14 3 9
[183] 7 0 4 14 3 9
[221] 13 0 4 14 3 9
[527] 4 0 10 0 6 11 5
[279] 13 7 2 10 6 11 5
[279] 7 13 2 10 6 11 5
[527] 10 4 0 10 6 11 5
[527] 4 10 0 10 6 11 5
[279] 6 14 2 6 2 10 5
[527] 4 0 11 3 0 10 5
[279] 6 14 6 2 6 10 5
[279] 14 6 14 2 6 10 5
[527] 3 11 3 0 6 10 5
[527] 11 3 11 0 6 10 5
[279] 13 0 7 5 2 9 5
[279] 13 0 5 7 2 9 5
[527] 10 4 2 5 1 9 5
[527] 4 10 2 5 1 9 5
[279] 13 7 0 5 1 9 5
[279] 7 13 0 5 1 9 5
[527] 10 5 2 5 0 9 5
[527] 5 10 2 5 0 9 5
[279] 6 13 0 5 0 9 5
[527] 3 10 8 2 5 9 5
[279] 13 1 7 2 5 9 5
[527] 4 1 10 2 5 9 5
[279] 14 7 9 2 5 9 5
[279] 6 13 5 0 5 9 5
[527] 10 1 4 0 5 9 5
[279] 7 1 13 0 5 9 5
[527] 11 4 12 0 5 9 5
[527] 10 2 4 0 3 9 5
[527] 10 0 6 3 11 2 4
[527] 10 3 0 6 11 2 4
[527] 10 0 3 6 11 2 4
[527] 3 9 8 2 10 2 4
[527] 11 3 9 0 10 2 4
[527] 3 10 2 5 9 2 4
[279] 13 8 0 5 9 2 4
[279] 8 13 0 5 9 2 4
[279] 13 0 8 5 9 2 4
[279] 13 0 5 8 9 2 4
[279] 6 14 6 2 10 1 4
[279] 14 6 14 2 10 1 4
[527] 3 11 3 0 10 1 4
[527] 11 3 11 0 10 1 4
[279] 13 2 6 14 11 0 4
[279] 14 6 2 14 10 0 4
[527] 10 2 5 12 9 0 4
[279] 13 2 6 11 14 0 4
[279] 14 6 2 10 14 0 4
[527] 10 2 5 9 12 0 4
[527] 11 3 0 11 2 11 4
[279] 13 2 6 14 0 11 4
[279] 13 8 9 2 6 11 4
[279] 8 13 9 2 6 11 4
[279] 8 9 13 2 6 11 4
[527] 5 12 10 0 6 11 4
[527] 10 5 12 0 6 11 4
[527] 5 10 12 0 6 11 4
[527] 10 3 11 8 2 10 4
[279] 14 8 9 7 2 10 4
[279] 6 14 1 6 2 10 4
[279] 8 14 9 6 2 10 4
[279] 8 9 14 6 2 10 4
[527] 11 3 1 11 2 10 4
[527] 9 8 3 11 2 10 4
[527] 9 3 8 11 2 10 4
[527] 3 9 8 10 2 10 4
[279] 7 14 6 9 2 10 4
[279] 13 6 14 5 0 10 4
[527] 11 5 12 4 0 10 4
[527] 3 11 1 3 0 10 4
[527] 5 12 11 3 0 10 4
[527] 5 11 12 3 0 10 4
[279] 14 6 1 14 0 10 4
[279] 12 6 5 14 0 10 4
[279] 12 5 6 14 0 10 4
[279] 6 12 5 13 0 10 4
[527] 4 11 3 12 0 10 4
[527] 10 2 5 12 0 9 4
[527] 10 4 2 14 5 9 4
[527] 4 10 2 14 5 9 4
[279] 13 7 0 14 5 9 4
[279] 7 13 0 14 5 9 4
[279] 7 0 14 6 2 10 3
[527] 3 11 2 3 0 10 3
[527] 9 8 4 2 14 10 3
[527] 9 4 8 2 14 10 3
[527] 4 9 8 2 14 10 3
[279] 12 7 5 0 14 10 3
[279] 7 12 5 0 14 10 3
[279] 12 5 7 0 14 10 3
[527] 10 4 2 5 14 9 3
[527] 4 10 2 5 14 9 3
[279] 13 7 0 5 14 9 3
[279] 7 13 0 5 14 9 3
[527] 9 8 4 2 10 14 3
[527] 9 4 8 2 10 14 3
[527] 4 9 8 2 10 14 3
[279] 12 7 5 0 10 14 3
[279] 7 12 5 0 10 14 3
[279] 12 5 7 0 10 14 3
[527] 10 4 2 5 9 14 3
[527] 4 10 2 5 9 14 3
[279] 13 7 0 5 9 14 3
[279] 7 13 0 5 9 14 3
[279] 13 7 2 9 6 5 11
[279] 7 13 2 9 6 5 11
[527] 10 4 0 9 6 5 11
[527] 4 10 0 9 6 5 11
[527] 11 3 0 11 2 4 11
[279] 13 2 6 14 0 4 11
[279] 13 8 9 2 6 4 11
[279] 8 13 9 2 6 4 11
[279] 8 9 13 2 6 4 11
[527] 5 12 10 0 6 4 11
[527] 10 5 12 0 6 4 11
[527] 5 10 12 0 6 4 11
[279] 13 7 2 9 5 6 11
[279] 7 13 2 9 5 6 11
[527] 10 4 0 9 5 6 11
[527] 4 10 0 9 5 6 11
[279] 13 8 9 2 4 6 11
[279] 8 13 9 2 4 6 11
[279] 8 9 13 2 4 6 11
[527] 5 12 10 0 4 6 11
[527] 10 5 12 0 4 6 11
[527] 5 10 12 0 4 6 11
[527] 4 0 9 8 5 2 10
[279] 6 14 0 6 4 2 10
[279] 7 0 14 6 3 2 10
[527] 4 0 9 5 8 2 10
[279] 6 14 0 4 6 2 10
[279] 7 0 14 3 6 2 10
[527] 3 11 3 2 4 1 10
[527] 11 3 11 2 4 1 10
[279] 6 14 6 0 4 1 10
[279] 14 6 14 0 4 1 10
[279] 12 7 2 9 5 0 10
[279] 7 12 2 9 5 0 10
[527] 11 4 0 9 5 0 10
[279] 7 2 12 9 5 0 10
[279] 7 2 9 12 5 0 10
[527] 3 11 5 2 4 0 10
[527] 11 5 12 0 4 0 10
[527] 4 2 14 11 3 0 10
[527] 4 11 2 14 3 0 10
[527] 4 2 11 14 3 0 10
[527] 4 0 9 8 2 5 10
[279] 13 7 2 6 9 5 10
[279] 7 13 2 6 9 5 10
[527] 10 4 0 6 9 5 10
[527] 4 10 0 6 9 5 10
[527] 10 3 11 8 2 4 10
[279] 14 8 9 7 2 4 10
[279] 6 14 1 6 2 4 10
[279] 8 14 9 6 2 4 10
[279] 8 9 14 6 2 4 10
[527] 11 3 1 11 2 4 10
[527] 9 8 3 11 2 4 10
[527] 9 3 8 11 2 4 10
[527] 3 9 8 10 2 4 10
[279] 7 14 6 9 2 4 10
[279] 13 6 14 5 0 4 10
[527] 11 5 12 4 0 4 10
[527] 3 11 1 3 0 4 10
[527] 5 12 11 3 0 4 10
[527] 5 11 12 3 0 4 10
[279] 14 6 1 14 0 4 10
[279] 12 6 5 14 0 4 10
[279] 12 5 6 14 0 4 10
[279] 6 12 5 13 0 4 10
[527] 4 11 3 12 0 4 10
[279] 7 0 14 6 2 3 10
[527] 3 11 2 3 0 3 10
[527] 9 8 4 2 14 3 10
[527] 9 4 8 2 14 3 10
[527] 4 9 8 2 14 3 10
[279] 12 7 5 0 14 3 10
[279] 7 12 5 0 14 3 10
[279] 12 5 7 0 14 3 10
[279] 14 7 2 9 2 5 9
[527] 9 4 0 9 2 5 9
[527] 4 9 0 9 2 5 9
[279] 13 7 2 9 1 5 9
[279] 7 13 2 9 1 5 9
[527] 10 4 0 9 1 5 9
[527] 4 10 0 9 1 5 9
[279] 7 2 13 9 0 5 9
[279] 7 2 9 13 0 5 9
[527] 4 0 10 2 11 5 9
[527] 3 10 8 2 9 5 9
[279] 13 1 7 2 9 5 9
[527] 4 1 10 2 9 5 9
[279] 14 7 9 2 9 5 9
[279] 6 13 5 0 9 5 9
[527] 10 1 4 0 9 5 9
[279] 7 1 13 0 9 5 9
[527] 11 4 12 0 9 5 9
[527] 10 2 3 11 2 4 9
[279] 14 6 0 14 0 4 9
[527] 3 11 3 2 14 4 9
[527] 11 3 11 2 14 4 9
[279] 6 14 6 0 14 4 9
[279] 14 6 14 0 14 4 9
[527] 10 2 4 2 14 3 9
[527] 10 4 2 4 14 3 9
[527] 4 10 2 4 14 3 9
[279] 13 7 0 4 14 3 9
[279] 7 13 0 4 14 3 9
